probe: "Auto-Tune Access" | AudioUnit:Effects/aufx,ATac,Antr | uid=614f7369 | arch=arm64 | format=AudioUnit

0	Master Bypass		2147483647	0	1	0
1	Retune Speed		2147483647	0	1	0
2	Humanize		2147483647	0	1	0
3	Key		2147483647	0	1	0
4	Scale		2147483647	0	1	0
5	Tracking		2147483647	0	0	0
6	C		2147483647	0	1	0
7	C#		2147483647	0	1	0
8	D		2147483647	0	1	0
9	D#		2147483647	0	1	0
10	E		2147483647	0	1	0
11	F		2147483647	0	1	0
12	F#		2147483647	0	1	0
13	G		2147483647	0	1	0
14	G#		2147483647	0	1	0
15	A		2147483647	0	1	0
16	A#		2147483647	0	1	0
17	B		2147483647	0	1	0
18	Hold Note Shown		2147483647	0	0	0
19	Settings		2147483647	0	0	0
