probe: "Auto-Tune Pro" | AudioUnit:Effects/aumf,AT81,VST  | uid=76720177 | arch=arm64 | format=AudioUnit

0	Correction Mode		2147483647	0	0	0
1	Scale		2147483647	0	1	0
2	Key		2147483647	0	1	0
3	Detune		2147483647	0	1	0
4	Retune Speed		2147483647	0	1	0
5	Vibrato Shape		2147483647	0	1	0
6	Vibrato Pitch		2147483647	0	1	0
7	Vibrato Rate		2147483647	0	1	0
8	Re-Track ARA		2147483647	0	0	0
9	Tracking		2147483647	0	0	0
10	Input Type		2147483647	0	1	0
11	Use Classic Mode DSP		2147483647	0	0	0
12	n/a		2147483647	0	0	0
13	n/a		2147483647	0	0	0
14	n/a		2147483647	0	0	0
15	n/a		2147483647	0	0	0
16	Graph Tool		2147483647	0	0	0
17	n/a		2147483647	0	0	0
18	n/a		2147483647	0	0	0
19	n/a		2147483647	0	0	0
20	n/a		2147483647	0	0	0
21	n/a		2147483647	0	0	0
22	n/a		2147483647	0	0	0
23	n/a		2147483647	0	0	0
24	Tie Waveform to Graph		2147483647	0	0	0
25	n/a		2147483647	0	0	0
26	n/a		2147483647	0	0	0
27	n/a		2147483647	0	0	0
28	Track Pitch		2147483647	0	0	0
29	n/a		2147483647	0	0	0
30	n/a		2147483647	0	0	0
31	Object Retune Speed		2147483647	0	0	0
32	n/a		2147483647	0	0	0
33	Advanced View		2147483647	0	0	0
34	L/R Ref		2147483647	0	0	0
35	n/a		2147483647	0	0	0
36	Learn Scale from MIDI		2147483647	0	1	0
37	Target Notes via MIDI		2147483647	0	1	0
38	n/a		2147483647	0	0	0
39	n/a		2147483647	0	0	0
40	n/a		2147483647	0	0	0
41	n/a		2147483647	0	0	0
42	n/a		2147483647	0	0	0
43	n/a		2147483647	0	0	0
44	Ignore Vibrato		2147483647	0	1	0
45	Show Waveform		2147483647	0	0	0
46	V.Onset Delay		2147483647	0	1	0
47	Vibrato Amplitude		2147483647	0	1	0
48	Vibrato Formant		2147483647	0	1	0
49	Vibrato Variation		2147483647	0	1	0
50	V.Onset Rate		2147483647	0	1	0
51	Object Adjust Vibrato		2147483647	0	0	0
52	Hold Note Shown		2147483647	0	0	0
53	Keyboard Edits		2147483647	0	0	0
54	Keyboard Mode		2147483647	0	0	0
55	n/a		2147483647	0	0	0
56	n/a		2147483647	0	0	0
57	n/a		2147483647	0	0	0
58	MIDI Octaves		2147483647	0	1	0
59	n/a		2147483647	0	0	0
60	n/a		2147483647	0	0	0
61	Humanize		2147483647	0	1	0
62	Natural Vibrato		2147483647	0	1	0
63	n/a		2147483647	0	0	0
64	Snap to Note		2147483647	0	0	0
65	n/a		2147483647	0	0	0
66	Clock Source		2147483647	0	0	0
67	Auto-Scroll		2147483647	0	0	0
68	Show Info Bar		2147483647	0	0	0
69	n/a		2147483647	0	0	0
70	Formant Correction		2147483647	0	1	0
71	Throat Length		2147483647	0	1	0
72	Show Lanes		2147483647	0	0	0
73	Number of Notes		2147483647	0	0	0
74	Transpose		2147483647	0	1	0
75	Object Throat Length		2147483647	0	0	0
76	Show MIDI		2147483647	0	0	0
77	n/a		2147483647	0	0	0
78	Time Display		2147483647	0	0	0
79	Enable Time Control		2147483647	0	0	0
80	Track Pitch + Time		2147483647	0	0	0
81	n/a		2147483647	0	0	0
82	n/a		2147483647	0	0	0
83	n/a		2147483647	0	0	0
84	n/a		2147483647	0	0	0
85	n/a		2147483647	0	0	0
86	n/a		2147483647	0	0	0
87	n/a		2147483647	0	0	0
88	n/a		2147483647	0	0	0
89	Flex-Tune		2147483647	0	1	0
90	Latency Removal		2147483647	0	0	0
91	Wet-Dry Mix		2147483647	0	1	0
92	n/a		2147483647	0	0	0
93	n/a		2147483647	0	0	0
94	n/a		2147483647	0	0	0
95	n/a		2147483647	0	0	0
96	n/a		2147483647	0	0	0
97	n/a		2147483647	0	0	0
98	n/a		2147483647	0	0	0
99	n/a		2147483647	0	0	0
100	n/a		2147483647	0	0	0
101	n/a		2147483647	0	0	0
102	n/a		2147483647	0	0	0
103	n/a		2147483647	0	0	0
104	n/a		2147483647	0	0	0
105	n/a		2147483647	0	0	0
106	n/a		2147483647	0	0	0
107	n/a		2147483647	0	0	0
108	n/a		2147483647	0	0	0
109	n/a		2147483647	0	0	0
110	n/a		2147483647	0	0	0
111	n/a		2147483647	0	0	0
112	n/a		2147483647	0	0	0
113	n/a		2147483647	0	0	0
114	Master Bypass		2147483647	0	1	0
115	HP Voice 1 Fixed Interval		2147483647	0	1	0
116	HP Voice 2 Fixed Interval		2147483647	0	1	0
117	HP Voice 3 Fixed Interval		2147483647	0	1	0
118	HP Voice 4 Fixed Interval		2147483647	0	1	0
119	HP Voice 1 Scale Interval		2147483647	0	1	0
120	HP Voice 2 Scale Interval		2147483647	0	1	0
121	HP Voice 3 Scale Interval		2147483647	0	1	0
122	HP Voice 4 Scale Interval		2147483647	0	1	0
123	HP Voice 1 Latch		2147483647	0	1	0
124	HP Voice 2 Latch		2147483647	0	1	0
125	HP Voice 3 Latch		2147483647	0	1	0
126	HP Voice 4 Latch		2147483647	0	1	0
127	HP All Voices Latch		2147483647	0	1	0
128	HP Voice 1 Level		2147483647	0	1	0
129	HP Voice 2 Level		2147483647	0	1	0
130	HP Voice 3 Level		2147483647	0	1	0
131	HP Voice 4 Level		2147483647	0	1	0
132	HP Voice 1 Pan		2147483647	0	1	0
133	HP Voice 2 Pan		2147483647	0	1	0
134	HP Voice 3 Pan		2147483647	0	1	0
135	HP Voice 4 Pan		2147483647	0	1	0
136	HP Voice 1 Width		2147483647	0	1	0
137	HP Voice 2 Width		2147483647	0	1	0
138	HP Voice 3 Width		2147483647	0	1	0
139	HP Voice 4 Width		2147483647	0	1	0
140	HP Voice 1 Formant		2147483647	0	1	0
141	HP Voice 2 Formant		2147483647	0	1	0
142	HP Voice 3 Formant		2147483647	0	1	0
143	HP Voice 4 Formant		2147483647	0	1	0
144	HP Voice 1 Solo		2147483647	0	1	0
145	HP Voice 2 Solo		2147483647	0	1	0
146	HP Voice 3 Solo		2147483647	0	1	0
147	HP Voice 4 Solo		2147483647	0	1	0
148	HP Voice 1 Trigger		2147483647	0	1	0
149	HP Voice 2 Trigger		2147483647	0	1	0
150	HP Voice 3 Trigger		2147483647	0	1	0
151	HP Voice 4 Trigger		2147483647	0	1	0
152	HP All Voices Trigger		2147483647	0	1	0
153	HP Interval Type		2147483647	0	1	0
154	HP Pan / Width		2147483647	0	1	0
155	HP Bypass Harmony Player		2147483647	0	1	0
156	HP Mute Input		2147483647	0	1	0
157	HP Solo Input		2147483647	0	1	0
158	HP Naturalize		2147483647	0	1	0
159	HP Pitch Variation		2147483647	0	1	0
160	HP Timing Variation		2147483647	0	1	0
161	HP Transition Time		2147483647	0	1	0
162	Modern Scale		2147483647	0	1	0
163	HP Attack		2147483647	0	1	0
164	HP Release		2147483647	0	1	0
165	HP Equalizer Type		2147483647	0	1	0
166	HP LPF Frequency		2147483647	0	1	0
167	HP LPF dB / Octave		2147483647	0	1	0
168	HP BPF Frequency		2147483647	0	1	0
169	HP BPF Q		2147483647	0	1	0
170	HP BPF Level		2147483647	0	1	0
171	HP HPF Frequency		2147483647	0	1	0
172	HP HPF dB / Octave		2147483647	0	1	0
173	HP Gate Side Chain Source		2147483647	0	1	0
174	HP Gate Threshold		2147483647	0	1	0
175	HP Stereo Width		2147483647	0	1	0
176	HP Bypass Gate		2147483647	0	1	0
177	HP Bypass Envelope		2147483647	0	1	0
178	HP Bypass Equalizer		2147483647	0	1	0
179	Transpose In Scale		2147483647	0	1	0
180	HP Mixer Show / Hide		2147483647	0	1	0
181	Scale Transpose		2147483647	0	1	0
