probe: "AMEK Mastering Compressor" | AudioUnit:Effects/aumf,AMCm,Brwx | uid=624a5973 | arch=arm64 | format=AudioUnit

0	Power		2	1	1	0
1	Bank		4	1	1	0
2	Monitoring		3	1	1	0
3	Master In Gain		2147483647	0	1	0
4	Master Out Gain		2147483647	0	1	0
5	Param Link		2	1	1	0
6	Mid Side		2	1	1	0
7	Mono Maker In		2	1	1	0
8	Mono Maker Freq		2147483647	0	1	0
9	Stereo Width		2147483647	0	1	0
10	Stereo Width In		2	1	1	0
11	Sidechain Link Mode		2	1	1	0
12	Sidechain Link Amount		81	1	1	0
13	Stereo Mode		2	1	1	0
14	TMT Channel		20	1	1	0
15	VCA Clip		2147483647	0	1	0
16	VCA Clip In		2	1	1	0
17	Sidechain Listen		2	1	1	0
18	Ambience		2	1	1	0
19	Channel ON 1		2	1	1	0
20	Threshold 1		2147483647	0	1	0
21	Timing 1		2147483647	0	1	0
22	Release Hysteresis 1		2147483647	0	1	0
23	Fast 1		2147483647	0	1	0
24	Peak 1		2147483647	0	1	0
25	Ratio 1		2147483647	0	1	0
26	Output 1		2147483647	0	1	0
27	Parallel Mix 1		2147483647	0	1	0
28	External SC 1		2	1	1	0
29	Headroom 1		2147483647	0	1	0
30	SC Filter On 1		2	1	1	0
31	SC HPF Freq. 1		2147483647	0	1	0
32	SC Low Gain 1		2147483647	0	1	0
33	SC Low Freq 1		2147483647	0	1	0
34	SC Low Type 1		2	1	1	0
35	SC High Gain 1		2147483647	0	1	0
36	SC High Freq 1		2147483647	0	1	0
37	SC High Type 1		2	1	1	0
38	Channel ON 2		2	1	1	0
39	Threshold 2		2147483647	0	1	0
40	Timing 2		2147483647	0	1	0
41	Release Hysteresis 2		2147483647	0	1	0
42	Fast 2		2147483647	0	1	0
43	Peak 2		2147483647	0	1	0
44	Ratio 2		2147483647	0	1	0
45	Output 2		2147483647	0	1	0
46	Parallel Mix 2		2147483647	0	1	0
47	External SC 2		2	1	1	0
48	Headroom 2		2147483647	0	1	0
49	SC Filter On 2		2	1	1	0
50	SC HPF Freq. 2		2147483647	0	1	0
51	SC Low Gain 2		2147483647	0	1	0
52	SC Low Freq 2		2147483647	0	1	0
53	SC Low Type 2		2	1	1	0
54	SC High Gain 2		2147483647	0	1	0
55	SC High Freq 2		2147483647	0	1	0
56	SC High Type 2		2	1	1	0
57	M		2147483647	0	1	0
58	M		2147483647	0	1	0
59	M		2147483647	0	1	0
60	M		2147483647	0	1	0
61	M		2147483647	0	1	0
62	M		2147483647	0	1	0
63	M		2147483647	0	1	0
64	M		2147483647	0	1	0
65	M		2147483647	0	1	0
66	M		2147483647	0	1	0
67	M		2147483647	0	1	0
68	M		2147483647	0	1	0
69	M		2147483647	0	1	0
70	M		2147483647	0	1	0
71	M		2147483647	0	1	0
72	M		2147483647	0	1	0
73	M		2147483647	0	1	0
74	M		2147483647	0	1	0
75	M		2147483647	0	1	0
76	M		2147483647	0	1	0
77	M		2147483647	0	1	0
78	M		2147483647	0	1	0
79	M		2147483647	0	1	0
80	M		2147483647	0	1	0
81	S		2147483647	0	1	0
82	S		2147483647	0	1	0
83	S		2147483647	0	1	0
84	S		2147483647	0	1	0
85	S		2147483647	0	1	0
86	S		2147483647	0	1	0
87	S		2147483647	0	1	0
88	S		2147483647	0	1	0
89	F		2147483647	0	1	0
90	F		2147483647	0	1	0
91	F		2147483647	0	1	0
92	F		2147483647	0	1	0
93	F		2147483647	0	1	0
94	F		2147483647	0	1	0
95	F		2147483647	0	1	0
96	F		2147483647	0	1	0
97	P		2147483647	0	1	0
98	P		2147483647	0	1	0
99	P		2147483647	0	1	0
100	P		2147483647	0	1	0
101	P		2147483647	0	1	0
102	P		2147483647	0	1	0
103	P		2147483647	0	1	0
104	P		2147483647	0	1	0
105	R		2147483647	0	1	0
106	R		2147483647	0	1	0
107	R		2147483647	0	1	0
108	R		2147483647	0	1	0
109	R		2147483647	0	1	0
110	R		2147483647	0	1	0
111	R		2147483647	0	1	0
112	R		2147483647	0	1	0
113			2147483647	0	1	0
114			2147483647	0	1	0
115			2147483647	0	1	0
