    TRACE t | det f0 voiced | gate lastGood bigJump gated | inC noteRef slowC(age) select degree prov | pend(C conf n) gap stable | cur target applied | path nc
     4.400 |    0.0 0 |    0.0 0    0.0 |  -745.2  -710.3  -711.3(133)  -711.3  -700.0 0 | 0(-687.4  0.0 3)   32  136 |  -700.0    +0.0   +0.0 | LEGACY 17
     4.403 |    0.0 0 |    0.0 0    0.0 |  -745.2  -710.3  -711.3(133)  -711.3  -700.0 0 | 0(-687.4  0.0 3)   35  136 |  -700.0    +0.0   +0.0 | LEGACY 17
     4.405 |    0.0 0 |    0.0 0    0.0 |  -745.2  -710.3  -711.3(133)  -711.3  -700.0 0 | 0(-687.4  0.0 3)   37  136 |  -700.0    +0.0   +0.0 | LEGACY 17
     4.408 |    0.0 0 |    0.0 0    0.0 |  -745.2  -710.3  -711.3(133)  -711.3  -700.0 0 | 0(-687.4  0.0 3)   40  136 |  -700.0    +0.0   +0.0 | LEGACY 17
     4.411 |    0.0 0 |    0.0 0    0.0 |  -745.2  -710.3  -711.3(133)  -711.3  -700.0 0 | 0(-687.4  0.0 3)   43  136 |  -700.0    +0.0   +0.0 | LEGACY 17
     4.413 |    0.0 0 |    0.0 0    0.0 |  -745.2  -710.3  -711.3(133)  -711.3  -700.0 0 | 0(-687.4  0.0 3)   45  136 |  -700.0    +0.0   +0.0 | LEGACY 17
     4.416 |    0.0 0 |    0.0 0    0.0 |  -745.2  -710.3  -711.3(133)  -711.3  -700.0 0 | 0(-687.4  0.0 3)   48  136 |  -700.0    +0.0   +0.0 | LEGACY 17
     4.419 |    0.0 0 |    0.0 0    0.0 |  -745.2  -710.3  -711.3(133)  -711.3  -700.0 0 | 0(-687.4  0.0 3)   51  136 |  -700.0    +0.0   +0.0 | LEGACY 17
     4.421 |    0.0 0 |    0.0 0    0.0 |  -745.2  -710.3  -711.3(133)  -711.3  -700.0 0 | 0(-687.4  0.0 3)   53  136 |  -700.0    +0.0   +0.0 | LEGACY 17
     4.424 |    0.0 0 |    0.0 0    0.0 |  -745.2  -710.3  -711.3(133)  -711.3  -700.0 0 | 0(-687.4  0.0 3)   56  136 |  -700.0    +0.0   +0.0 | LEGACY 17
     4.427 |    0.0 0 |    0.0 0    0.0 |  -745.2  -710.3  -711.3(133)  -711.3  -700.0 0 | 0(-687.4  0.0 3)   59  136 |  -700.0    +0.0   +0.0 | LEGACY 17
     4.429 |    0.0 0 |    0.0 0    0.0 |  -745.2  -710.3  -711.3(133)  -711.3  -700.0 0 | 0(-687.4  0.0 3)   61  136 |  -700.0    +0.0   +0.0 | LEGACY 17
     4.432 |    0.0 0 |    0.0 0    0.0 |  -745.2  -710.3  -711.3(133)  -711.3  -700.0 0 | 0(-687.4  0.0 3)   64  136 |  -700.0    +0.0   +0.0 | LEGACY 17
     4.435 |    0.0 0 |    0.0 0    0.0 |  -745.2  -710.3  -711.3(133)  -711.3  -700.0 0 | 0(-687.4  0.0 3)   67  136 |  -700.0    +0.0   +0.0 | LEGACY 17
     4.437 |    0.0 0 |    0.0 0    0.0 |  -745.2  -710.3  -711.3(133)  -711.3  -700.0 0 | 0(-687.4  0.0 3)   69  136 |  -700.0    +0.0   +0.0 | LEGACY 17
     4.440 |    0.0 0 |    0.0 0    0.0 |  -745.2  -710.3  -711.3(133)  -711.3  -700.0 0 | 0(-687.4  0.0 3)   72  136 |  -700.0    +0.0   +0.0 | LEGACY 17
     4.443 |    0.0 0 |    0.0 0    0.0 |  -745.2  -710.3  -711.3(133)  -711.3  -700.0 0 | 0(-687.4  0.0 3)   75  136 |  -700.0    +0.0   +0.0 | LEGACY 17
     4.445 |    0.0 0 |    0.0 0    0.0 |  -745.2  -710.3  -711.3(133)  -711.3  -700.0 0 | 0(-687.4  0.0 3)   77  136 |  -700.0    +0.0   +0.0 | LEGACY 17
     4.448 |    0.0 0 |    0.0 0    0.0 |  -745.2  -710.3  -711.3(133)  -711.3  -700.0 0 | 0(-687.4  0.0 3)   80  136 |  -700.0    +0.0   +0.0 | LEGACY 17
     4.451 |    0.0 0 |    0.0 0    0.0 |  -745.2  -710.3  -711.3(133)  -711.3  -700.0 0 | 0(-687.4  0.0 3)   83  136 |  -700.0    +0.0   +0.0 | LEGACY 17
     4.453 |    0.0 0 |    0.0 0    0.0 |  -745.2  -710.3  -711.3(133)  -711.3  -700.0 0 | 0(-687.4  0.0 3)   85  136 |  -700.0    +0.0   +0.0 | LEGACY 17
     4.456 |    0.0 0 |    0.0 0    0.0 |  -745.2  -710.3  -711.3(133)  -711.3  -700.0 0 | 0(-687.4  0.0 3)   88  136 |  -700.0    +0.0   +0.0 | LEGACY 17
     4.459 |    0.0 0 |    0.0 0    0.0 |  -745.2  -710.3  -711.3(133)  -711.3  -700.0 0 | 0(-687.4  0.0 3)   91  136 |  -700.0    +0.0   +0.0 | LEGACY 17
     4.461 |    0.0 0 |    0.0 0    0.0 |  -745.2  -710.3  -711.3(133)  -711.3  -700.0 0 | 0(-687.4  0.0 3)   93  136 |  -700.0    +0.0   +0.0 | LEGACY 17
     4.464 |    0.0 0 |    0.0 0    0.0 |  -745.2  -710.3  -711.3(133)  -711.3  -700.0 0 | 0(-687.4  0.0 3)   96  136 |  -700.0    +0.0   +0.0 | LEGACY 17
     4.467 |    0.0 0 |    0.0 0    0.0 |  -745.2  -710.3  -711.3(133)  -711.3  -700.0 0 | 0(-687.4  0.0 3)   99  136 |  -700.0    +0.0   +0.0 | LEGACY 17
     4.469 |    0.0 0 |    0.0 0    0.0 |  -745.2  -710.3  -711.3(133)  -711.3  -700.0 0 | 0(-687.4  0.0 3)  101  136 |  -700.0    +0.0   +0.0 | LEGACY 17
     4.472 |    0.0 0 |    0.0 0    0.0 |  -745.2  -710.3  -711.3(133)  -711.3  -700.0 0 | 0(-687.4  0.0 3)  104  136 |  -700.0    +0.0   +0.0 | LEGACY 17
     4.475 |  166.7 1 |  166.7 0  166.7 |  -780.4  -710.3  -712.6(136)  -712.6  -700.0 0 | 0(-687.4  0.0 3)    0    0 |  -700.0  -700.0  +80.4 | LEGACY 17
     4.477 |  166.6 1 |  166.6 0  166.6 |  -781.6  -710.3  -713.9(139)  -713.9  -700.0 0 | 0(-687.4  0.0 3)    0    0 |  -700.0  -700.0  +81.6 | LEGACY 17
     4.480 |  166.6 1 |  166.6 0  166.6 |  -781.6  -710.3  -715.2(141)  -715.2  -700.0 0 | 0(-687.4  0.0 3)    0    0 |  -700.0  -700.0  +81.6 | LEGACY 17
     4.483 |  165.8 1 |  165.8 0  165.8 |  -789.6  -710.3  -716.6(144)  -716.6  -700.0 0 | 0(-687.4  0.0 3)    0    0 |  -700.0  -700.0  +89.6 | LEGACY 17
     4.485 |  165.3 1 |  165.3 0  165.3 |  -794.8  -710.3  -718.1(147)  -718.1  -700.0 0 | 0(-687.4  0.0 3)    0    0 |  -700.0  -700.0  +94.8 | LEGACY 17
     4.488 |  165.2 1 |  165.2 0  165.2 |  -796.3  -710.3  -719.6(149)  -719.6  -700.0 0 | 0(-687.4  0.0 3)    0    0 |  -700.0  -700.0  +96.3 | LEGACY 17
     4.491 |  164.9 1 |  164.9 0  164.9 |  -798.7  -710.3  -721.1(152)  -721.1  -700.0 0 | 0(-687.4  0.0 3)    0    0 |  -700.0  -700.0  +98.7 | LEGACY 17
     4.493 |  164.9 1 |  164.9 0  164.9 |  -798.9  -710.3  -722.5(155)  -722.5  -700.0 0 | 0(-687.4  0.0 3)    0    0 |  -700.0  -700.0  +98.9 | LEGACY 17
     4.496 |  164.8 1 |  164.8 0  164.8 |  -800.5  -710.3  -724.0(157)  -800.5  -800.0 1 | 1(-800.5  0.0 1)    0    0 |  -735.9  -735.9  +64.6 | LEGACY 17
     4.499 |  164.8 1 |  164.8 0  164.8 |  -800.5  -710.3  -725.4(160)  -800.5  -800.0 1 | 1(-800.5  2.7 2)    0    0 |  -758.9  -758.9  +41.7 | LEGACY 17
     4.501 |  164.8 1 |  164.8 0  164.8 |  -800.6  -710.3  -726.9(163)  -800.6  -800.0 1 | 1(-800.5  5.3 3)    0    0 |  -773.6  -773.6  +26.9 | LEGACY 17
     4.504 |  164.8 1 |  164.8 0  164.8 |  -800.5  -710.3  -728.3(165)  -800.5  -800.0 1 | 1(-800.5  8.0 3)    0    0 |  -783.1  -783.1  +17.4 | LEGACY 17
     4.507 |  164.8 1 |  164.8 0  164.8 |  -799.7  -710.3  -729.6(168)  -729.6  -700.0 0 | 0(-800.5  0.0 3)    0    0 |  -753.3  -753.3  +46.4 | LEGACY 17
     4.509 |  164.9 1 |  164.9 0  164.9 |  -799.1  -710.3  -730.9(171)  -730.9  -700.0 0 | 0(-800.5  0.0 3)    0    0 |  -734.2  -734.2  +65.0 | LEGACY 17
     4.512 |  164.9 1 |  164.9 0  164.9 |  -799.1  -710.3  -732.2(173)  -732.2  -700.0 0 | 0(-800.5  0.0 3)    0    0 |  -721.9  -721.9  +77.2 | LEGACY 17
     4.515 |  164.9 1 |  164.9 0  164.9 |  -799.1  -710.3  -733.5(176)  -733.5  -700.0 0 | 0(-800.5  0.0 3)    0    0 |  -714.0  -714.0  +85.0 | LEGACY 17
     4.517 |  164.9 1 |  164.9 0  164.9 |  -799.2  -710.3  -734.7(179)  -734.7  -700.0 0 | 0(-800.5  0.0 3)    0    0 |  -709.0  -709.0  +90.2 | LEGACY 17
     4.520 |  164.9 1 |  164.9 0  164.9 |  -799.5  -710.3  -735.9(181)  -735.9  -700.0 0 | 0(-800.5  0.0 3)    0    0 |  -705.8  -705.8  +93.7 | LEGACY 17
     4.523 |  164.9 1 |  164.9 0  164.9 |  -799.5  -710.3  -737.1(184)  -737.1  -700.0 0 | 0(-800.5  0.0 3)    0    0 |  -703.7  -703.7  +95.8 | LEGACY 17
     4.525 |  164.8 1 |  164.8 0  164.8 |  -800.5  -710.3  -738.3(187)  -800.5  -800.0 1 | 1(-800.5  0.0 1)    0    0 |  -738.3  -738.3  +62.3 | LEGACY 17
     4.528 |  164.6 1 |  164.6 0  164.6 |  -801.8  -710.3  -739.5(189)  -801.8  -800.0 1 | 1(-800.5  2.7 2)    0    0 |  -760.4  -760.4  +41.4 | LEGACY 17
     4.531 |  164.6 1 |  164.6 0  164.6 |  -802.5  -710.3  -740.7(192)  -802.5  -800.0 1 | 1(-800.5  5.3 3)    0    0 |  -774.6  -774.6  +27.9 | LEGACY 17
     4.533 |  164.5 1 |  164.5 0  164.5 |  -803.6  -710.3  -741.9(195)  -803.6  -800.0 1 | 1(-800.5  8.0 3)    0    0 |  -783.7  -783.7  +19.9 | LEGACY 17
     4.536 |  164.4 1 |  164.4 0  164.4 |  -803.9  -710.3  -743.1(197)  -803.9  -800.0 1 | 1(-800.5 10.7 3)    0    0 |  -789.6  -789.6  +14.4 | LEGACY 17
     4.539 |  164.1 1 |  164.1 0  164.1 |  -807.4  -710.3  -744.3(200)  -807.4  -800.0 1 | 1(-800.5 13.3 3)    0    0 |  -793.3  -793.3  +14.1 | LEGACY 17
     4.541 |  164.0 1 |  164.0 0  164.0 |  -809.1  -809.1  -809.1(  0)  -809.1  -800.0 0 | 0(-800.5 16.0 3)    0    3 |  -805.8  -805.8   +3.2 | LEGACY 18
     4.544 |  163.6 1 |  163.6 0  163.6 |  -813.1  -809.1  -809.1(  3)  -809.1  -800.0 0 | 0(-800.5  0.0 3)    0    5 |  -803.7  -803.7   +9.4 | LEGACY 18
     4.547 |  163.4 1 |  163.4 0  163.4 |  -814.7  -809.1  -809.2(  5)  -809.2  -800.0 0 | 0(-800.5  0.0 3)    0    8 |  -802.4  -802.4  +12.3 | LEGACY 18
     4.549 |  163.1 1 |  163.1 0  163.1 |  -818.4  -809.1  -809.4(  8)  -809.4  -800.0 0 | 0(-800.5  0.0 3)    0   11 |  -801.5  -801.5  +16.9 | LEGACY 18
