limiter_ab_guard analyse docs/limiter_ab/renders  gain +10.9 dB  ceiling +0.0 dB

#### case fullmix_hot: source docs/limiter_ab/renders/source_fullmix_hot.wav (pcm24, 48000 Hz, 2 ch, 58.18 s)

== case fullmix_hot        tag echojay     48000 Hz  2792727 frames  offset +0 samples (0.00 ms)  corr 0.998 0.998 0.997 0.996 0.997 1.000 0.996 0.992
  gain +10.9 dB  ceiling +0.0 dB
  loudness   in+gain  I -9.94 LUFS  Mmax -6.3  Smax -8.2   |  out  I -10.69 LUFS  Mmax -7.9  Smax -9.2   |  S std 1.77 -> 1.54 LU
  peaks      sample -0.10 dBFS  TRUE PEAK -0.08 dBTP  overs above ceiling+0.05 dB: 0
  dynamics   GR mean -0.47 dB  max -2.78  std 0.44  p2p 2.78  |  crest in 11.4 -> out 10.2 dB  |  L-R GR std 0.00 dB
  hits       15 detected
              #    t(s)   over   retained   GRmin   base   pre(ms)   hold(ms)    t10    t50    t63    t90 (ms)   dipL   dipR
              0    0.06    2.6     -2.78   -2.89    0.0      0.0       6.7     1.7   28.7   42.7  190.7    -2.89  -2.89
                 GR trace -25..+60 ms:
                 -25 ms    n/a   n/a   n/a   n/a   n/a   n/a   n/a   n/a   n/a   n/a   n/a   n/a   n/a   n/a   n/a   n/a   n/a   n/a   n/a   n/a
                  -5 ms    n/a   n/a  -0.0  -0.0  -0.0  -0.0  -0.0  -0.0  -0.4  -0.8  -0.9  -1.0  -1.7  -2.7  -2.9  -2.9  -2.9  -2.8  -2.8  -2.8
                 +15 ms   -2.7  -2.6  -2.6  -2.5  -2.5  -2.4  -2.4  -2.3  -2.3  -2.2  -2.2  -2.1  -2.1  -2.0  -2.0  -1.9  -1.9  -1.8  -1.8  -1.8
                 +35 ms   -1.7  -1.7  -1.7  -1.6  -1.6  -1.5  -1.5  -1.5  -1.4  -1.4  -1.4  -1.4  -1.3  -1.3  -1.3  -1.2  -1.2  -1.2  -1.2  -1.1
                 +55 ms   -1.1  -1.1  -1.1  -1.1  -1.0  -1.0
              1    1.43   -0.8     -0.00   -0.00   -0.0      n/a       n/a     n/a    n/a    n/a    n/a    -0.00  -0.00
                 GR trace -25..+60 ms:
                 -25 ms   -0.0  -0.0  -0.0  -0.0  -0.0  -0.0  -0.0  -0.0  -0.0  -0.0  -0.0  -0.0  -0.0  -0.0  -0.0  -0.0  -0.0  -0.0  -0.0  -0.0
                  -5 ms   -0.0  -0.0  -0.0  -0.0  -0.0  -0.0  -0.0  -0.0  -0.0  -0.0  -0.0  -0.0  -0.0  -0.0  -0.0  -0.0  -0.0  -0.0  -0.0  -0.0
                 +15 ms   -0.0  -0.0  -0.0  -0.0  -0.0  -0.0  -0.0  -0.0  -0.0  -0.0  -0.0  -0.0  -0.0  -0.0  -0.0  -0.0  -0.0  -0.0  -0.0  -0.0
                 +35 ms   -0.0  -0.0  -0.0  -0.0  -0.0  -0.0  -0.0  -0.0  -0.0  -0.0  -0.0  -0.0  -0.0  -0.0  -0.0  -0.0  -0.0  -0.0  -0.0  -0.0
                 +55 ms   -0.0  -0.0  -0.0  -0.0  -0.0  -0.0
              2    3.71    3.0     -3.09   -3.09   -0.0      1.7       6.3     2.0   28.3   42.7  198.7    -3.09  -3.09
                 GR trace -25..+60 ms:
                 -25 ms   -0.0  -0.0  -0.0  -0.0  -0.0  -0.0  -0.0  -0.0  -0.0  -0.0  -0.0  -0.0  -0.0  -0.0  -0.0  -0.0  -0.0  -0.0  -0.0  -0.0
                  -5 ms   -0.0  -0.0  -0.0  -1.1  -1.3  -1.3  -1.3  -1.3  -1.3  -1.7  -2.7  -3.1  -3.1  -3.1  -3.0  -3.0  -2.9  -2.9  -2.8  -2.7
                 +15 ms   -2.7  -2.6  -2.5  -2.5  -2.4  -2.4  -2.3  -2.3  -2.2  -2.2  -2.1  -2.1  -2.0  -2.0  -1.9  -1.9  -1.9  -1.8  -1.8  -1.8
                 +35 ms   -1.7  -1.7  -1.6  -1.6  -1.6  -1.5  -1.5  -1.5  -1.4  -1.4  -1.4  -1.3  -1.3  -1.3  -1.3  -1.2  -1.2  -1.2  -1.2  -1.1
                 +55 ms   -1.1  -1.1  -1.1  -1.0  -1.0  -1.0
              3    8.70    2.2     -2.28   -2.28   -0.0      0.0       6.0     1.0   31.3   46.0  125.3    -2.28  -2.28
                 GR trace -25..+60 ms:
                 -25 ms   -0.0  -0.0  -0.0  -0.0  -0.0  -0.0  -0.0  -0.0  -0.0  -0.0  -0.0  -0.0  -0.0  -0.0  -0.0  -0.0  -0.0  -0.0  -0.0  -0.0
                  -5 ms   -0.0  -0.0  -0.0  -0.0  -0.0  -0.0  -0.0  -0.0  -0.0  -0.0  -0.0  -0.6  -0.9  -0.9  -0.9  -1.1  -2.3  -2.3  -2.3  -2.2
                 +15 ms   -2.2  -2.1  -2.1  -2.0  -2.0  -2.0  -1.9  -1.9  -1.9  -1.8  -1.8  -1.7  -1.7  -1.7  -1.6  -1.6  -1.6  -1.5  -1.5  -1.5
                 +35 ms   -1.4  -1.4  -1.4  -1.3  -1.3  -1.3  -1.3  -1.2  -1.2  -1.2  -1.2  -1.2  -1.2  -1.1  -1.1  -1.1  -1.1  -1.0  -1.0  -1.0
                 +55 ms   -1.0  -1.0  -0.9  -0.9  -0.9  -0.9
              4   15.96   -7.4     -0.00   -0.42   -0.0      n/a       n/a     n/a    n/a    n/a    n/a    -0.42  -0.42
                 GR trace -25..+60 ms:
                 -25 ms   -0.0  -0.0  -0.0  -0.0  -0.0  -0.0  -0.0  -0.0  -0.0  -0.0  -0.0  -0.0  -0.0  -0.0  -0.0  -0.0  -0.0  -0.0  -0.0  -0.0
                  -5 ms   -0.0  -0.0  -0.0  -0.0  -0.0  -0.0  -0.0  -0.0  -0.0  -0.0  -0.0  -0.0  -0.0  -0.0  -0.0  -0.0  -0.0  -0.0  -0.0  -0.0
                 +15 ms   -0.0  -0.0  -0.0  -0.0  -0.2  -0.2  -0.2  -0.2  -0.2  -0.2  -0.2  -0.4  -0.4  -0.4  -0.4  -1.2  -1.9  -1.9  -1.9  -1.8
                 +35 ms   -1.8  -1.7  -1.7  -1.7  -1.6  -1.6  -1.6  -1.5  -1.5  -1.5  -1.4  -1.4  -1.4  -1.3  -1.3  -1.3  -1.3  -1.2  -1.2  -1.2
                 +55 ms   -1.2  -1.2  -1.2  -1.1  -1.1  -1.1
              5   17.65   -5.3     -0.00   -0.00   -0.0      n/a       n/a     n/a    n/a    n/a    n/a    -0.00  -0.00
                 GR trace -25..+60 ms:
                 -25 ms   -0.0  -0.0  -0.0  -0.0  -0.0  -0.0  -0.0  -0.0  -0.0  -0.0  -0.0  -0.0  -0.0  -0.0  -0.0  -0.0  -0.0  -0.0  -0.0  -0.0
                  -5 ms   -0.0  -0.0  -0.0  -0.0  -0.0  -0.0  -0.0  -0.0  -0.0  -0.0  -0.0  -0.0  -0.0  -0.0  -0.0  -0.0  -0.0  -0.0  -0.0  -0.0
                 +15 ms   -0.0  -0.0  -0.0  -0.0  -0.0  -0.0  -0.0  -0.0  -0.0  -0.0  -0.0  -0.0  -0.0  -0.0  -0.0  -0.0  -0.0  -0.0  -0.0  -0.0
                 +35 ms   -0.0  -0.0  -0.0  -0.0  -0.0  -0.0  -0.0  -0.0  -0.0  -0.0  -0.0  -0.0  -0.0  -0.0  -0.0  -0.0  -0.0  -0.0  -0.0  -0.0
                 +55 ms   -0.0  -0.0  -0.0  -0.0  -0.0  -0.0
              6   18.25    2.5     -2.58   -2.70   -0.0      0.0       7.0     1.7   29.0   43.3  212.3    -2.70  -2.70
                 GR trace -25..+60 ms:
                 -25 ms   -0.0  -0.0  -0.0  -0.0  -0.0  -0.0  -0.0  -0.0  -0.0  -0.0  -0.0  -0.0  -0.0  -0.0  -0.0  -0.0  -0.0  -0.0  -0.0  -0.0
                  -5 ms   -0.0  -0.0  -0.0  -0.0  -0.0  -0.2  -0.9  -0.9  -0.9  -1.6  -2.2  -2.6  -2.7  -2.7  -2.7  -2.7  -2.6  -2.6  -2.5  -2.5
                 +15 ms   -2.4  -2.3  -2.3  -2.2  -2.2  -2.1  -2.1  -2.1  -2.1  -2.0  -2.0  -1.9  -1.9  -1.8  -1.8  -1.8  -1.7  -1.7  -1.6  -1.6
                 +35 ms   -1.6  -1.5  -1.5  -1.5  -1.4  -1.4  -1.4  -1.3  -1.3  -1.3  -1.3  -1.2  -1.2  -1.2  -1.2  -1.1  -1.1  -1.1  -1.1  -1.0
                 +55 ms   -1.0  -1.0  -1.0  -1.0  -0.9  -0.9
              7   24.61    0.8     -1.08   -1.10   -0.0      0.3      20.3     0.0   75.7   90.7  154.7    -1.10  -1.10
                 GR trace -25..+60 ms:
                 -25 ms   -0.0  -0.0  -0.0  -0.0  -0.0  -0.0  -0.0  -0.0  -0.0  -0.0  -0.0  -0.0  -0.0  -0.0  -0.0  -0.0  -0.0  -0.0  -0.0  -0.0
                  -5 ms   -0.0  -0.0  -0.0  -0.0  -0.4  -1.1  -1.1  -1.1  -1.1  -1.1  -1.0  -1.0  -1.0  -1.0  -1.0  -1.1  -1.1  -1.1  -1.1  -1.0
                 +15 ms   -1.0  -1.0  -1.0  -0.9  -0.9  -0.9  -0.9  -0.9  -0.9  -0.9  -0.8  -0.8  -0.8  -0.8  -0.8  -0.8  -0.7  -0.7  -0.7  -0.7
                 +35 ms   -0.7  -0.7  -0.7  -0.7  -1.1  -1.7  -1.7  -1.7  -1.7  -1.6  -1.6  -1.6  -1.5  -1.5  -1.5  -1.4  -1.4  -1.4  -1.3  -1.3
                 +55 ms   -1.3  -1.3  -1.2  -1.2  -1.2  -1.2
              8   25.29    0.2     -0.33   -0.33   -0.0      n/a       n/a     n/a    n/a    n/a    n/a    -0.33  -0.33
                 GR trace -25..+60 ms:
                 -25 ms   -0.0  -0.0  -0.0  -0.0  -0.0  -0.0  -0.0  -0.0  -0.0  -0.0  -0.0  -0.0  -0.0  -0.0  -0.0  -0.0  -0.0  -0.0  -0.0  -0.0
                  -5 ms   -0.0  -0.0  -0.0  -0.3  -0.3  -0.3  -0.3  -0.3  -0.3  -0.3  -0.3  -0.3  -0.3  -0.3  -0.3  -0.3  -0.3  -0.3  -0.3  -0.2
                 +15 ms   -0.2  -0.2  -0.2  -0.2  -0.2  -0.2  -0.2  -0.2  -0.2  -0.2  -0.2  -0.2  -0.2  -0.2  -0.2  -0.2  -0.2  -0.2  -0.2  -0.2
                 +35 ms   -0.2  -0.2  -0.2  -0.2  -0.1  -0.1  -0.1  -0.1  -0.1  -0.1  -0.1  -0.1  -0.1  -0.1  -0.1  -0.1  -0.1  -0.1  -0.1  -0.1
                 +55 ms   -0.1  -0.1  -0.1  -0.1  -0.1  -0.1
              9   30.07    4.5     -5.09   -5.09   -0.0      0.7       6.7     8.3   54.0   69.3  132.3    -5.09  -5.09
                 GR trace -25..+60 ms:
                 -25 ms   -0.0  -0.0  -0.0  -0.0  -0.0  -0.0  -0.0  -0.0  -0.0  -0.0  -0.0  -0.0  -0.0  -0.0  -0.0  -0.0  -0.0  -0.0  -0.0  -0.0
                  -5 ms   -0.0  -0.0  -0.0  -0.2  -1.4  -5.0  -5.1  -5.1  -5.1  -5.0  -5.0  -4.9  -4.9  -4.8  -4.8  -4.8  -4.8  -4.8  -4.8  -4.7
                 +15 ms   -4.6  -4.5  -4.4  -4.4  -4.4  -4.3  -4.3  -4.2  -4.2  -4.1  -4.1  -4.1  -4.1  -4.0  -4.0  -3.9  -3.8  -3.8  -3.8  -3.8
                 +35 ms   -3.8  -3.8  -3.8  -3.7  -3.7  -3.6  -3.6  -3.6  -3.5  -3.5  -3.5  -3.5  -3.4  -3.4  -3.3  -3.2  -3.2  -3.1  -3.0  -2.9
                 +55 ms   -2.9  -2.8  -2.8  -2.7  -2.6  -2.6
             10   32.80    2.2     -2.27   -2.27   -0.1      0.0      10.7     1.0   27.0   40.7   96.3    -2.27  -2.27
                 GR trace -25..+60 ms:
                 -25 ms   -0.0  -0.0  -0.0  -0.0  -0.0  -0.0  -0.0  -0.0  -0.0  -0.0  -0.0  -0.0  -0.0  -0.0  -0.0  -0.0  -0.0  -0.0  -0.0  -0.0
                  -5 ms   -0.0  -0.0  -0.0  -0.0  -0.0  -0.0  -0.4  -2.3  -2.3  -2.3  -2.2  -2.2  -2.2  -2.2  -2.2  -2.2  -2.1  -2.1  -2.1  -2.0
                 +15 ms   -2.0  -1.9  -1.9  -1.8  -1.8  -1.8  -1.7  -1.7  -1.6  -1.6  -1.6  -1.5  -1.5  -1.5  -1.4  -1.4  -1.4  -1.4  -1.3  -1.3
                 +35 ms   -1.3  -1.2  -1.2  -1.2  -1.2  -1.1  -1.1  -1.1  -1.1  -1.0  -1.0  -1.0  -1.0  -1.0  -0.9  -0.9  -0.9  -0.9  -0.9  -0.8
                 +55 ms   -0.8  -0.8  -0.8  -0.8  -0.8  -0.8
             11   39.93   -0.7     -0.00   -0.00   -0.0      n/a       n/a     n/a    n/a    n/a    n/a    -0.00  -0.00
                 GR trace -25..+60 ms:
                 -25 ms   -0.0  -0.0  -0.0  -0.0  -0.0  -0.0  -0.0  -0.0  -0.0  -0.0  -0.0  -0.0  -0.0  -0.0  -0.0  -0.0  -0.0  -0.0  -0.0  -0.0
                  -5 ms   -0.0  -0.0  -0.0  -0.0  -0.0  -0.0  -0.0  -0.0  -0.0  -0.0  -0.0  -0.0  -0.0  -0.0  -0.0  -0.0  -0.0  -0.0  -0.0  -0.0
                 +15 ms   -0.0  -0.0  -0.0  -0.0  -0.0  -0.0  -0.0  -0.0  -0.0  -0.0  -0.0  -0.0  -0.0  -0.0  -0.0  -0.0  -0.0  -0.0  -0.0  -0.0
                 +35 ms   -0.0  -0.0  -0.0  -0.0  -0.0  -0.0  -0.0  -0.0  -0.0  -0.0  -0.0  -0.0  -0.0  -0.0  -0.0  -0.0  -0.0  -0.0  -0.0  -0.0
                 +55 ms   -0.0  -0.0  -0.0  -0.0  -0.0  -0.0
             12   46.43   -4.2     -0.00   -0.00   -0.0      n/a       n/a     n/a    n/a    n/a    n/a    -0.00  -0.00
                 GR trace -25..+60 ms:
                 -25 ms   -0.0  -0.0  -0.0  -0.0  -0.0  -0.0  -0.0  -0.0  -0.0  -0.0  -0.0  -0.0  -0.0  -0.0  -0.0  -0.0  -0.0  -0.0  -0.0  -0.0
                  -5 ms   -0.0  -0.0  -0.0  -0.0  -0.0  -0.0  -0.0  -0.0  -0.0  -0.0  -0.0  -0.0  -0.0  -0.0  -0.0  -0.0  -0.0  -0.0  -0.0  -0.0
                 +15 ms   -0.0  -0.0  -0.0  -0.0  -0.0  -0.0  -0.0  -0.0  -0.0  -0.0  -0.0  -0.0  -0.0  -0.0  -0.0  -0.0  -0.0  -0.0  -0.0  -0.0
                 +35 ms   -0.0  -0.0  -0.0  -0.0  -0.0  -0.0  -0.0  -0.0  -0.0  -0.0  -0.0  -0.0  -0.0  -0.0  -0.0  -0.0  -0.0  -0.0  -0.0  -0.0
                 +55 ms   -0.0  -0.0  -0.0  -0.0  -0.0  -0.0
             13   46.90   -1.9     -0.00   -0.00   -0.0      n/a       n/a     n/a    n/a    n/a    n/a    -0.00  -0.00
                 GR trace -25..+60 ms:
                 -25 ms   -0.0  -0.0  -0.0  -0.0  -0.0  -0.0  -0.0  -0.0  -0.0  -0.0  -0.0  -0.0  -0.0  -0.0  -0.0  -0.0  -0.0  -0.0  -0.0  -0.0
                  -5 ms   -0.0  -0.0  -0.0  -0.0  -0.0  -0.0  -0.0  -0.0  -0.0  -0.0  -0.0  -0.0  -0.0  -0.0  -0.0  -0.0  -0.0  -0.0  -0.0  -0.0
                 +15 ms   -0.0  -0.0  -0.0  -0.0  -0.0  -0.0  -0.0  -0.0  -0.0  -0.0  -0.0  -0.0  -0.0  -0.0  -0.0  -0.0  -0.0  -0.0  -0.0  -0.0
                 +35 ms   -0.0  -0.0  -0.0  -0.0  -0.0  -0.0  -0.0  -0.0  -0.0  -0.0  -0.0  -0.0  -0.0  -0.0  -0.0  -0.0  -0.0  -0.0  -0.0  -0.0
                 +55 ms   -0.0  -0.0  -0.0  -0.0  -0.0  -0.0
             14   52.34    1.8     -1.89   -1.89   -0.0      0.0       7.0     0.0   28.0   43.3  113.0    -1.89  -1.89
                 GR trace -25..+60 ms:
                 -25 ms   -0.0  -0.0  -0.0  -0.0  -0.0  -0.0  -0.0  -0.0  -0.0  -0.0  -0.0  -0.0  -0.0  -0.0  -0.0  -0.0  -0.0  -0.0  -0.0  -0.0
                  -5 ms   -0.0  -0.0  -0.0  -0.0  -0.0  -0.0  -0.0  -0.0  -0.0  -0.0  -0.1  -0.8  -0.8  -0.8  -0.8  -1.6  -1.9  -1.9  -1.9  -1.8
                 +15 ms   -1.8  -1.7  -1.7  -1.7  -1.6  -1.6  -1.6  -1.5  -1.5  -1.5  -1.4  -1.4  -1.4  -1.3  -1.3  -1.3  -1.3  -1.2  -1.2  -1.2
                 +35 ms   -1.1  -1.1  -1.1  -1.1  -1.1  -1.0  -1.0  -1.0  -1.0  -1.0  -0.9  -0.9  -0.9  -0.9  -0.9  -0.8  -0.8  -0.8  -0.8  -0.8
                 +55 ms   -0.8  -0.8  -0.7  -0.7  -0.7  -0.7
ROW case=fullmix_hot tag=echojay aligned=1 offset=0 outI=-10.69 inI=-9.94 tp=-0.08 overs=0 edgeOvers=0 grMean=-0.47 grStd=0.44 crestOut=10.2 hits=15 retMed=-1.08 t63med=43.3 t90med=143.5 lrStd=0.00

== case fullmix_hot        tag proL2       48000 Hz  2791996 frames  offset +731 samples (15.23 ms)  corr 1.000 1.000 1.000 1.000 1.000 1.000 1.000 0.996
  gain +10.9 dB  ceiling +0.0 dB
  loudness   in+gain  I -9.94 LUFS  Mmax -6.3  Smax -8.2   |  out  I -10.06 LUFS  Mmax -6.6  Smax -8.4   |  S std 1.77 -> 1.73 LU
  peaks      sample -0.04 dBFS  TRUE PEAK -0.01 dBTP  overs above ceiling+0.05 dB: 0
  dynamics   GR mean -0.06 dB  max -0.96  std 0.08  p2p 0.96  |  crest in 11.4 -> out 9.9 dB  |  L-R GR std 0.03 dB
  hits       15 detected
              #    t(s)   over   retained   GRmin   base   pre(ms)   hold(ms)    t10    t50    t63    t90 (ms)   dipL   dipR
              0    0.06    2.6     -2.67   -1.87    0.0      0.0       0.0     0.3    0.3    0.3    0.7    -1.81  -1.92
                 GR trace -25..+60 ms:
                 -25 ms    n/a   n/a   n/a   n/a   n/a   n/a   n/a   n/a   n/a   n/a   n/a   n/a   n/a   n/a   n/a   n/a   n/a   n/a   n/a   n/a
                  -5 ms    n/a   n/a  -0.0  -0.0  -0.0  -0.0  -0.0  -0.0  -0.0  -0.0  -0.3  -0.4  -0.0  -0.6  -1.6  -1.3  -0.3  -0.4  -0.4  -0.0
                 +15 ms   -0.0  -0.0  -0.0  -0.0  -0.1  -0.0  -0.0  -0.0  -0.0  -0.0  -0.0  -0.0  -0.0  -0.0  -0.0  -0.0  -0.0  -0.0  -0.0  -0.0
                 +35 ms   -0.0  -0.0  -0.0  -0.0  -0.0  -0.0  -0.0  -0.0  -0.0  -0.0  -0.0  -0.0  -0.0  -0.0  -0.0  -0.0  -0.0  -0.0  -0.0  -0.0
                 +55 ms   -0.0  -0.0  -0.0  -0.0  -0.0  -0.0
              1    1.43   -0.8     -0.00   -0.00   -0.0      n/a       n/a     n/a    n/a    n/a    n/a    -0.00  -0.00
                 GR trace -25..+60 ms:
                 -25 ms   -0.0  -0.0  -0.0  -0.0  -0.0  -0.0  -0.0  -0.0  -0.0  -0.0  -0.0  -0.0  -0.0  -0.0  -0.0  -0.0  -0.0  -0.0  -0.0  -0.0
                  -5 ms   -0.0  -0.0  -0.0  -0.0  -0.0  -0.0  -0.0  -0.0  -0.0  -0.0  -0.0  -0.0  -0.0  -0.0  -0.0  -0.0  -0.0  -0.0  -0.0  -0.0
                 +15 ms   -0.0  -0.0  -0.0  -0.0  -0.0  -0.0  -0.0  -0.0  -0.0  -0.0  -0.0  -0.0  -0.0  -0.0  -0.0  -0.0  -0.0  -0.0  -0.0  -0.0
                 +35 ms   -0.0  -0.0  -0.0  -0.0  -0.0  -0.0  -0.0  -0.0  -0.0  -0.0  -0.0  -0.0  -0.0  -0.0  -0.0  -0.0  -0.0  -0.0  -0.0  -0.0
                 +55 ms   -0.0  -0.0  -0.0  -0.0  -0.0  -0.0
              2    3.71    3.0     -3.02   -2.09   -0.0      0.0       0.3     0.3    0.3    0.3    1.3    -2.11  -2.07
                 GR trace -25..+60 ms:
                 -25 ms   -0.0  -0.0  -0.0  -0.0  -0.0  -0.0  -0.0  -0.0  -0.0  -0.0  -0.0  -0.0  -0.0  -0.0  -0.0  -0.0  -0.0  -0.0  -0.0  -0.0
                  -5 ms   -0.0  -0.0  -0.0  -0.0  -0.0  -0.5  -0.0  -0.1  -0.7  -0.3  -0.1  -1.0  -1.5  -1.1  -0.0  -0.0  -0.3  -0.0  -0.0  -0.0
                 +15 ms   -0.0  -0.0  -0.0  -0.0  -0.0  -0.0  -0.0  -0.0  -0.0  -0.0  -0.0  -0.0  -0.0  -0.0  -0.1  -0.0  -0.0  -0.0  -0.0  -0.0
                 +35 ms   -0.0  -0.0  -0.0  -0.0  -0.0  -0.0  -0.0  -0.0  -0.0  -0.0  -0.0  -0.0  -0.0  -0.0  -0.0  -0.0  -0.0  -0.0  -0.0  -0.0
                 +55 ms   -0.0  -0.0  -0.0  -0.0  -0.0  -0.0
              3    8.70    2.2     -2.21   -1.51   -0.0      0.0       0.0     0.3    0.3    0.3    0.7    -1.55  -1.46
                 GR trace -25..+60 ms:
                 -25 ms   -0.0  -0.0  -0.0  -0.0  -0.0  -0.0  -0.0  -0.0  -0.0  -0.0  -0.0  -0.0  -0.0  -0.0  -0.0  -0.0  -0.0  -0.0  -0.0  -0.0
                  -5 ms   -0.0  -0.0  -0.0  -0.0  -0.0  -0.0  -0.0  -0.0  -0.0  -0.0  -0.0  -0.0  -0.0  -0.4  -0.1  -0.0  -0.0  -0.7  -0.8  -0.0
                 +15 ms   -0.0  -0.0  -0.0  -0.0  -0.0  -0.2  -0.0  -0.0  -0.0  -0.0  -0.0  -0.0  -0.0  -0.0  -0.0  -0.0  -0.0  -0.0  -0.0  -0.0
                 +35 ms   -0.0  -0.0  -0.0  -0.0  -0.0  -0.0  -0.0  -0.0  -0.0  -0.4  -0.0  -0.0  -0.0  -0.0  -0.0  -0.0  -0.0  -0.0  -0.0  -0.0
                 +55 ms   -0.0  -0.0  -0.0  -0.0  -0.0  -0.0
              4   15.96   -7.4     -0.00   -0.31   -0.0      n/a       n/a     n/a    n/a    n/a    n/a    -0.31  -0.31
                 GR trace -25..+60 ms:
                 -25 ms   -0.0  -0.0  -0.0  -0.0  -0.0  -0.0  -0.0  -0.0  -0.0  -0.0  -0.0  -0.0  -0.0  -0.0  -0.0  -0.0  -0.0  -0.0  -0.0  -0.0
                  -5 ms   -0.0  -0.0  -0.0  -0.0  -0.0  -0.0  -0.0  -0.0  -0.0  -0.0  -0.0  -0.0  -0.0  -0.0  -0.0  -0.0  -0.0  -0.0  -0.0  -0.0
                 +15 ms   -0.0  -0.0  -0.0  -0.0  -0.0  -0.0  -0.0  -0.0  -0.0  -0.0  -0.0  -0.0  -0.1  -0.2  -0.0  -0.0  -0.0  -0.8  -0.0  -0.0
                 +35 ms   -0.0  -0.0  -0.0  -0.0  -0.0  -0.0  -0.0  -0.0  -0.0  -0.0  -0.0  -0.0  -0.0  -0.0  -0.1  -0.1  -0.0  -0.0  -0.0  -0.0
                 +55 ms   -0.3  -0.0  -0.0  -0.0  -0.0  -0.0
              5   17.65   -5.3     -0.00   -0.00   -0.0      n/a       n/a     n/a    n/a    n/a    n/a    -0.00  -0.00
                 GR trace -25..+60 ms:
                 -25 ms   -0.0  -0.0  -0.0  -0.0  -0.0  -0.0  -0.0  -0.0  -0.0  -0.0  -0.0  -0.0  -0.0  -0.0  -0.0  -0.0  -0.0  -0.0  -0.0  -0.0
                  -5 ms   -0.0  -0.0  -0.0  -0.0  -0.0  -0.0  -0.0  -0.0  -0.0  -0.0  -0.0  -0.0  -0.0  -0.0  -0.0  -0.0  -0.0  -0.0  -0.0  -0.0
                 +15 ms   -0.0  -0.0  -0.0  -0.0  -0.0  -0.0  -0.0  -0.0  -0.0  -0.0  -0.0  -0.0  -0.0  -0.0  -0.0  -0.0  -0.0  -0.0  -0.0  -0.0
                 +35 ms   -0.0  -0.0  -0.0  -0.0  -0.0  -0.0  -0.0  -0.0  -0.0  -0.0  -0.0  -0.0  -0.0  -0.0  -0.0  -0.0  -0.0  -0.0  -0.0  -0.0
                 +55 ms   -0.0  -0.0  -0.0  -0.0  -0.0  -0.0
              6   18.25    2.5     -2.51   -1.70   -0.0      0.0       0.0     0.3    1.3    2.0    2.0    -1.67  -1.73
                 GR trace -25..+60 ms:
                 -25 ms   -0.0  -0.0  -0.0  -0.0  -0.0  -0.0  -0.0  -0.0  -0.0  -0.0  -0.0  -0.0  -0.0  -0.0  -0.0  -0.0  -0.0  -0.0  -0.0  -0.0
                  -5 ms   -0.0  -0.0  -0.0  -0.0  -0.0  -0.0  -0.0  -0.2  -0.2  -0.0  -0.6  -1.4  -0.4  -1.2  -1.2  -0.3  -0.0  -0.0  -0.0  -0.0
                 +15 ms   -0.0  -0.0  -0.0  -0.0  -0.0  -0.0  -0.0  -0.1  -0.2  -0.0  -0.0  -0.0  -0.0  -0.0  -0.0  -0.0  -0.0  -0.0  -0.0  -0.0
                 +35 ms   -0.0  -0.0  -0.0  -0.0  -0.0  -0.0  -0.0  -0.0  -0.0  -0.0  -0.0  -0.0  -0.0  -0.0  -0.0  -0.0  -0.0  -0.0  -0.0  -0.0
                 +55 ms   -0.0  -0.0  -0.0  -0.0  -0.0  -0.0
              7   24.61    0.8     -0.86   -0.91   -0.0      n/a       n/a     n/a    n/a    n/a    n/a    -0.92  -0.89
                 GR trace -25..+60 ms:
                 -25 ms   -0.0  -0.0  -0.0  -0.0  -0.0  -0.0  -0.0  -0.0  -0.0  -0.0  -0.0  -0.0  -0.0  -0.0  -0.0  -0.0  -0.0  -0.0  -0.0  -0.0
                  -5 ms   -0.0  -0.0  -0.0  -0.0  -0.0  -0.0  -0.5  -0.0  -0.1  -0.0  -0.0  -0.0  -0.0  -0.0  -0.0  -0.0  -0.5  -0.0  -0.0  -0.0
                 +15 ms   -0.0  -0.0  -0.0  -0.0  -0.0  -0.0  -0.0  -0.2  -0.0  -0.0  -0.0  -0.0  -0.0  -0.0  -0.0  -0.0  -0.0  -0.0  -0.0  -0.0
                 +35 ms   -0.0  -0.0  -0.0  -0.1  -0.0  -0.0  -0.9  -0.0  -0.0  -0.0  -0.0  -0.0  -0.0  -0.0  -0.0  -0.0  -0.0  -0.0  -0.0  -0.0
                 +55 ms   -0.0  -0.0  -0.0  -0.0  -0.0  -0.0
              8   25.29    0.2     -0.26   -0.16   -0.0      n/a       n/a     n/a    n/a    n/a    n/a    -0.19  -0.13
                 GR trace -25..+60 ms:
                 -25 ms   -0.0  -0.0  -0.0  -0.0  -0.0  -0.0  -0.0  -0.0  -0.0  -0.0  -0.0  -0.0  -0.0  -0.0  -0.0  -0.0  -0.0  -0.0  -0.0  -0.0
                  -5 ms   -0.0  -0.0  -0.0  -0.0  -0.0  -0.1  -0.0  -0.0  -0.0  -0.0  -0.0  -0.0  -0.0  -0.0  -0.0  -0.0  -0.0  -0.0  -0.0  -0.0
                 +15 ms   -0.0  -0.0  -0.0  -0.0  -0.0  -0.0  -0.0  -0.0  -0.0  -0.0  -0.0  -0.0  -0.0  -0.0  -0.0  -0.0  -0.0  -0.0  -0.0  -0.0
                 +35 ms   -0.0  -0.0  -0.0  -0.0  -0.0  -0.0  -0.0  -0.0  -0.0  -0.0  -0.0  -0.0  -0.0  -0.0  -0.0  -0.0  -0.0  -0.0  -0.0  -0.0
                 +55 ms   -0.0  -0.0  -0.0  -0.0  -0.0  -0.0
              9   30.07    4.5     -4.58   -4.10   -0.0      0.0       0.3     0.3    0.3    0.3    2.0    -4.10  -4.13
                 GR trace -25..+60 ms:
                 -25 ms   -0.0  -0.0  -0.0  -0.0  -0.0  -0.0  -0.0  -0.0  -0.0  -0.0  -0.0  -0.0  -0.0  -0.0  -0.0  -0.0  -0.0  -0.0  -0.0  -0.0
                  -5 ms   -0.0  -0.0  -0.0  -0.0  -0.0  -0.1  -2.1  -3.3  -2.4  -0.6  -0.8  -1.0  -0.6  -2.3  -0.5  -2.4  -2.3  -3.1  -0.9  -0.6
                 +15 ms   -0.1  -0.2  -1.1  -1.0  -0.3  -2.2  -0.4  -0.2  -1.1  -1.3  -0.8  -0.8  -1.0  -1.1  -0.2  -0.2  -0.2  -1.0  -1.2  -2.1
                 +35 ms   -1.2  -1.3  -2.1  -0.3  -0.2  -0.2  -1.2  -0.3  -0.7  -0.4  -0.8  -1.9  -0.9  -0.6  -0.2  -0.2  -0.2  -0.2  -0.2  -0.2
                 +55 ms   -0.2  -0.3  -0.2  -0.2  -0.2  -0.2
             10   32.80    2.2     -2.20   -1.92   -0.0      0.0       0.0     0.3    0.3    0.3    0.3    -1.95  -1.88
                 GR trace -25..+60 ms:
                 -25 ms   -0.0  -0.0  -0.0  -0.0  -0.0  -0.0  -0.0  -0.0  -0.0  -0.0  -0.0  -0.0  -0.0  -0.0  -0.0  -0.0  -0.0  -0.0  -0.0  -0.0
                  -5 ms   -0.0  -0.0  -0.0  -0.0  -0.0  -0.0  -0.0  -0.0  -0.7  -0.8  -0.3  -0.5  -0.5  -1.2  -0.5  -0.0  -0.0  -0.0  -0.1  -0.1
                 +15 ms   -0.0  -0.0  -0.0  -0.0  -0.0  -0.0  -0.0  -0.0  -0.0  -0.0  -0.0  -0.0  -0.0  -0.0  -0.0  -0.0  -0.0  -0.0  -0.0  -0.0
                 +35 ms   -0.0  -0.0  -0.0  -0.0  -0.0  -0.0  -0.0  -0.0  -0.0  -0.0  -0.0  -0.0  -0.0  -0.0  -0.0  -0.0  -0.0  -0.0  -0.0  -0.0
                 +55 ms   -0.0  -0.0  -0.0  -0.0  -0.0  -0.0
             11   39.93   -0.7     -0.00   -0.00   -0.0      n/a       n/a     n/a    n/a    n/a    n/a    -0.00  -0.00
                 GR trace -25..+60 ms:
                 -25 ms   -0.0  -0.0  -0.0  -0.0  -0.0  -0.0  -0.0  -0.0  -0.0  -0.0  -0.0  -0.0  -0.0  -0.0  -0.0  -0.0  -0.0  -0.0  -0.0  -0.0
                  -5 ms   -0.0  -0.0  -0.0  -0.0  -0.0  -0.0  -0.0  -0.0  -0.0  -0.0  -0.0  -0.0  -0.0  -0.0  -0.0  -0.0  -0.0  -0.0  -0.0  -0.0
                 +15 ms   -0.0  -0.0  -0.0  -0.0  -0.0  -0.0  -0.0  -0.0  -0.0  -0.0  -0.0  -0.0  -0.0  -0.0  -0.0  -0.0  -0.0  -0.0  -0.0  -0.0
                 +35 ms   -0.0  -0.0  -0.0  -0.0  -0.0  -0.0  -0.0  -0.0  -0.0  -0.0  -0.0  -0.0  -0.0  -0.0  -0.0  -0.0  -0.0  -0.0  -0.0  -0.0
                 +55 ms   -0.0  -0.0  -0.0  -0.0  -0.0  -0.0
             12   46.43   -4.2     -0.03   -1.25   -0.0      0.0       0.0     0.3    0.3    0.3    0.7    -2.51  -3.13
                 GR trace -25..+60 ms:
                 -25 ms    0.2   0.1  -0.3  -0.4  -0.1   0.3   0.2  -0.1  -0.0   0.0   0.2  -0.2  -0.1  -0.4   0.1   0.0  -0.1  -0.1  -0.3   0.0
                  -5 ms    0.0  -0.3  -0.1   0.1  -0.1   0.0  -0.0  -0.0   0.0   0.0  -0.1  -0.0  -0.0  -0.0  -0.0  -0.0  -0.0  -0.0  -0.0  -0.0
                 +15 ms   -0.0  -0.0  -0.0  -0.0  -0.0   0.0  -0.0  -0.0   0.0  -0.0   0.0  -0.1   0.0  -0.0   0.0   0.0  -0.1  -0.0   0.0   0.0
                 +35 ms   -0.0   0.0  -0.0   0.0   0.0   0.0   0.0  -0.1   0.0   0.0   0.0  -0.0   0.1  -0.0  -0.0   0.0   0.0   0.1   0.0  -0.0
                 +55 ms   -0.0  -0.0  -0.0   0.1  -0.0   0.0
             13   46.90   -1.9     -0.00   -0.52   -0.0      n/a       n/a     n/a    n/a    n/a    n/a    -1.15  -0.50
                 GR trace -25..+60 ms:
                 -25 ms    0.1   0.1  -0.0  -0.2  -0.1   0.1   0.1  -0.0  -0.0  -0.1   0.0   0.1   0.0  -0.1   0.1   0.0   0.0   0.0  -0.1   0.1
                  -5 ms   -0.0   0.0   0.1  -0.0  -0.0  -0.0  -0.0  -0.0  -0.0  -0.0  -0.0  -0.0  -0.0  -0.0   0.0  -0.0   0.0  -0.0   0.0  -0.0
                 +15 ms   -0.0  -0.0   0.0   0.0   0.0   0.0   0.0  -0.0   0.0   0.0  -0.0  -0.0   0.0  -0.0  -0.0   0.0   0.0   0.0  -0.0  -0.0
                 +35 ms   -0.0  -0.0   0.0   0.0   0.0   0.0   0.0   0.0   0.0   0.0   0.0  -0.0  -0.0  -0.0  -0.0  -0.0  -0.0   0.0  -0.0   0.0
                 +55 ms    0.0  -0.0   0.0   0.0   0.0  -0.0
             14   52.34    1.8     -1.83   -1.21   -0.0      0.0       0.0     0.3    0.7    0.7    0.7    -1.17  -1.24
                 GR trace -25..+60 ms:
                 -25 ms   -0.0  -0.0  -0.0  -0.0  -0.0  -0.0  -0.0  -0.0  -0.0  -0.0  -0.0  -0.0  -0.0  -0.0  -0.0  -0.0  -0.0  -0.0  -0.0  -0.0
                  -5 ms   -0.0  -0.0  -0.0  -0.0  -0.0  -0.0  -0.0  -0.0  -0.0  -0.0  -0.0  -0.0  -0.3  -0.0  -0.0  -0.0  -0.4  -0.7  -0.0  -0.0
                 +15 ms   -0.0  -0.0  -0.0  -0.0  -0.0  -0.0  -0.0  -0.0  -0.0  -0.0  -0.0  -0.0  -0.0  -0.0  -0.0  -0.0  -0.0  -0.0  -0.0  -0.0
                 +35 ms   -0.0  -0.0  -0.0  -0.0  -0.0  -0.0  -0.0  -0.0  -0.0  -0.1  -0.0  -0.0  -0.0  -0.0  -0.0  -0.0  -0.0  -0.0  -0.0  -0.0
                 +55 ms   -0.0  -0.0  -0.0  -0.0  -0.0  -0.0
ROW case=fullmix_hot tag=proL2 aligned=1 offset=731 outI=-10.06 inI=-9.94 tp=-0.01 overs=0 edgeOvers=0 grMean=-0.06 grStd=0.08 crestOut=9.9 hits=15 retMed=-0.86 t63med=0.3 t90med=0.7 lrStd=0.03

== case fullmix_hot        tag v2          48000 Hz  2792727 frames  offset +0 samples (0.00 ms)  corr 0.999 0.999 0.999 0.997 0.998 1.000 0.997 0.993
  gain +10.9 dB  ceiling +0.0 dB
  loudness   in+gain  I -9.94 LUFS  Mmax -6.3  Smax -8.2   |  out  I -11.28 LUFS  Mmax -8.4  Smax -10.0   |  S std 1.77 -> 1.36 LU
  peaks      sample -0.10 dBFS  TRUE PEAK -0.10 dBTP  overs above ceiling+0.05 dB: 0
  dynamics   GR mean -1.04 dB  max -3.23  std 0.70  p2p 3.23  |  crest in 11.4 -> out 10.7 dB  |  L-R GR std 0.00 dB
  hits       15 detected
              #    t(s)   over   retained   GRmin   base   pre(ms)   hold(ms)    t10    t50    t63    t90 (ms)   dipL   dipR
              0    0.06    2.6     -2.89   -2.89    0.0      0.0       6.3     1.7   25.3   37.7    n/a    -2.89  -2.89
                 GR trace -25..+60 ms:
                 -25 ms    n/a   n/a   n/a   n/a   n/a   n/a   n/a   n/a   n/a   n/a   n/a   n/a   n/a   n/a   n/a   n/a   n/a   n/a   n/a   n/a
                  -5 ms    n/a   n/a  -0.0  -0.0  -0.0  -0.0  -0.0  -0.2  -0.6  -0.8  -1.0  -1.5  -2.0  -2.7  -2.9  -2.9  -2.9  -2.9  -2.8  -2.8
                 +15 ms   -2.7  -2.6  -2.6  -2.5  -2.4  -2.4  -2.3  -2.3  -2.2  -2.2  -2.1  -2.0  -2.0  -2.0  -1.9  -1.9  -1.8  -1.8  -1.7  -1.7
                 +35 ms   -1.6  -1.6  -1.6  -1.5  -1.5  -1.4  -1.4  -1.4  -1.3  -1.3  -1.3  -1.2  -1.2  -1.2  -1.2  -1.1  -1.1  -1.1  -1.0  -1.0
                 +55 ms   -1.0  -1.0  -1.0  -1.0  -1.0  -1.0
              1    1.43   -0.8     -0.65   -0.69   -0.8      n/a       n/a     n/a    n/a    n/a    n/a    -0.69  -0.69
                 GR trace -25..+60 ms:
                 -25 ms   -0.7  -0.7  -0.7  -0.7  -0.7  -0.7  -0.7  -0.7  -0.7  -0.7  -0.7  -0.7  -0.7  -0.7  -0.7  -0.7  -0.7  -0.7  -0.7  -0.7
                  -5 ms   -0.7  -0.7  -0.7  -0.7  -0.7  -0.7  -0.7  -0.7  -0.7  -0.7  -0.7  -0.6  -0.6  -0.6  -0.6  -0.6  -0.6  -0.6  -0.6  -0.6
                 +15 ms   -0.6  -0.6  -0.6  -0.6  -0.6  -0.6  -0.6  -0.6  -0.6  -0.6  -0.6  -0.6  -0.6  -0.6  -0.6  -0.6  -0.6  -0.6  -0.6  -0.6
                 +35 ms   -0.6  -0.6  -0.6  -0.6  -0.6  -0.6  -0.6  -0.6  -0.6  -0.6  -0.6  -0.6  -0.6  -0.6  -0.6  -0.6  -0.6  -0.6  -0.6  -0.6
                 +55 ms   -0.6  -0.6  -0.6  -0.6  -0.6  -0.6
              2    3.71    3.0     -3.09   -3.09   -0.2      2.3       5.7     1.7   23.3   34.7    n/a    -3.09  -3.09
                 GR trace -25..+60 ms:
                 -25 ms   -0.1  -0.1  -0.1  -0.1  -0.1  -0.1  -0.1  -0.1  -0.1  -0.1  -0.1  -0.1  -0.1  -0.1  -0.1  -0.1  -0.1  -0.1  -0.1  -0.1
                  -5 ms   -0.1  -0.2  -0.6  -1.1  -1.3  -1.3  -1.3  -1.4  -1.6  -2.2  -2.8  -3.1  -3.1  -3.1  -3.1  -3.0  -3.0  -2.9  -2.8  -2.7
                 +15 ms   -2.7  -2.6  -2.5  -2.5  -2.4  -2.4  -2.3  -2.2  -2.2  -2.1  -2.1  -2.0  -2.0  -1.9  -1.9  -1.8  -1.8  -1.8  -1.7  -1.7
                 +35 ms   -1.6  -1.6  -1.5  -1.5  -1.5  -1.4  -1.4  -1.4  -1.3  -1.3  -1.3  -1.2  -1.2  -1.2  -1.2  -1.2  -1.2  -1.2  -1.2  -1.2
                 +55 ms   -1.2  -1.2  -1.2  -1.2  -1.2  -1.2
              3    8.70    2.2     -2.28   -2.28   -0.9      0.0       7.0     0.0   10.7   15.3  163.7    -2.28  -2.28
                 GR trace -25..+60 ms:
                 -25 ms   -0.8  -0.8  -0.8  -0.8  -0.8  -0.8  -0.8  -0.8  -0.8  -0.8  -0.8  -0.8  -0.8  -0.8  -0.8  -0.8  -0.8  -0.8  -0.8  -0.8
                  -5 ms   -0.8  -0.8  -0.8  -0.8  -0.8  -0.8  -0.8  -0.8  -0.8  -0.8  -0.8  -0.9  -0.9  -0.9  -1.1  -1.6  -2.2  -2.3  -2.3  -2.3
                 +15 ms   -2.3  -2.2  -2.2  -2.1  -2.1  -2.0  -2.0  -1.9  -1.9  -1.8  -1.8  -1.7  -1.7  -1.6  -1.6  -1.6  -1.5  -1.5  -1.5  -1.4
                 +35 ms   -1.4  -1.4  -1.3  -1.3  -1.3  -1.3  -1.3  -1.3  -1.3  -1.3  -1.3  -1.3  -1.3  -1.3  -1.3  -1.3  -1.3  -1.3  -1.3  -1.3
                 +55 ms   -1.3  -1.3  -1.3  -1.3  -1.3  -1.3
              4   15.96   -7.4     -0.81   -1.37   -1.0      n/a       n/a     n/a    n/a    n/a    n/a    -1.37  -1.37
                 GR trace -25..+60 ms:
                 -25 ms   -0.9  -0.9  -0.9  -0.9  -0.9  -0.9  -0.9  -0.9  -0.9  -0.9  -0.9  -0.9  -0.9  -0.8  -0.8  -0.8  -0.8  -0.8  -0.8  -0.8
                  -5 ms   -0.8  -0.8  -0.8  -0.8  -0.8  -0.8  -0.8  -0.8  -0.8  -0.8  -0.8  -0.8  -0.8  -0.8  -0.8  -0.8  -0.8  -0.8  -0.8  -0.8
                 +15 ms   -0.8  -0.8  -0.8  -0.8  -0.8  -0.8  -0.8  -0.8  -0.8  -0.8  -0.8  -0.8  -0.8  -0.9  -1.2  -1.6  -1.9  -1.9  -1.9  -1.9
                 +35 ms   -1.9  -1.8  -1.8  -1.7  -1.7  -1.6  -1.6  -1.6  -1.5  -1.5  -1.5  -1.4  -1.4  -1.3  -1.3  -1.3  -1.2  -1.2  -1.2  -1.2
                 +55 ms   -1.2  -1.2  -1.2  -1.2  -1.2  -1.2
              5   17.65   -5.3     -0.07   -0.07   -0.1      n/a       n/a     n/a    n/a    n/a    n/a    -0.07  -0.07
                 GR trace -25..+60 ms:
                 -25 ms   -0.1  -0.1  -0.1  -0.1  -0.1  -0.1  -0.1  -0.1  -0.1  -0.1  -0.1  -0.1  -0.1  -0.1  -0.1  -0.1  -0.1  -0.1  -0.1  -0.1
                  -5 ms   -0.1  -0.1  -0.1  -0.1  -0.1  -0.1  -0.1  -0.1  -0.1  -0.1  -0.1  -0.1  -0.1  -0.1  -0.1  -0.1  -0.1  -0.1  -0.1  -0.1
                 +15 ms   -0.1  -0.1  -0.1  -0.1  -0.1  -0.1  -0.1  -0.1  -0.1  -0.1  -0.1  -0.1  -0.1  -0.1  -0.1  -0.1  -0.1  -0.1  -0.1  -0.1
                 +35 ms   -0.1  -0.1  -0.1  -0.1  -0.1  -0.1  -0.1  -0.1  -0.1  -0.1  -0.1  -0.1  -0.1  -0.1  -0.1  -0.1  -0.1  -0.1  -0.1  -0.1
                 +55 ms   -0.1  -0.1  -0.1  -0.1  -0.1  -0.1
              6   18.25    2.5     -2.70   -2.70   -0.0      0.0       6.7     1.3   24.7   50.0 5992.7    -2.70  -2.70
                 GR trace -25..+60 ms:
                 -25 ms   -0.0  -0.0  -0.0  -0.0  -0.0  -0.0  -0.0  -0.0  -0.0  -0.0  -0.0  -0.0  -0.0  -0.0  -0.0  -0.0  -0.0  -0.0  -0.0  -0.0
                  -5 ms   -0.0  -0.0  -0.0  -0.1  -0.1  -0.6  -0.9  -1.0  -1.3  -1.9  -2.3  -2.6  -2.7  -2.7  -2.7  -2.7  -2.6  -2.6  -2.5  -2.4
                 +15 ms   -2.4  -2.3  -2.3  -2.2  -2.2  -2.1  -2.0  -2.0  -2.0  -1.9  -1.9  -1.8  -1.8  -1.7  -1.7  -1.6  -1.6  -1.6  -1.5  -1.5
                 +35 ms   -1.4  -1.4  -1.4  -1.3  -1.3  -1.3  -1.2  -1.2  -1.2  -1.2  -1.1  -1.1  -1.1  -1.1  -1.0  -1.0  -1.0  -1.0  -1.0  -1.0
                 +55 ms   -1.0  -1.0  -1.0  -1.0  -1.0  -1.0
              7   24.61    0.8     -1.09   -1.12   -0.2      n/a       n/a     n/a    n/a    n/a    n/a    -1.12  -1.12
                 GR trace -25..+60 ms:
                 -25 ms   -0.2  -0.1  -0.1  -0.1  -0.1  -0.1  -0.1  -0.1  -0.1  -0.1  -0.1  -0.1  -0.1  -0.1  -0.1  -0.1  -0.1  -0.1  -0.1  -0.1
                  -5 ms   -0.1  -0.1  -0.2  -0.3  -0.7  -1.0  -1.1  -1.1  -1.1  -1.1  -1.1  -1.1  -1.0  -1.0  -1.1  -1.1  -1.1  -1.1  -1.1  -1.1
                 +15 ms   -1.1  -1.0  -1.0  -1.0  -1.0  -0.9  -0.9  -0.9  -0.9  -0.8  -0.8  -0.8  -0.8  -0.8  -0.7  -0.7  -0.7  -0.7  -0.7  -0.7
                 +35 ms   -0.6  -0.6  -0.6  -0.9  -1.3  -1.6  -1.7  -1.7  -1.7  -1.7  -1.7  -1.6  -1.6  -1.6  -1.5  -1.5  -1.5  -1.4  -1.4  -1.3
                 +55 ms   -1.3  -1.3  -1.3  -1.2  -1.2  -1.2
              8   25.29    0.2     -0.33   -0.33   -0.3      n/a       n/a     n/a    n/a    n/a    n/a    -0.33  -0.33
                 GR trace -25..+60 ms:
                 -25 ms   -0.3  -0.3  -0.3  -0.3  -0.3  -0.3  -0.3  -0.3  -0.3  -0.3  -0.3  -0.3  -0.3  -0.3  -0.3  -0.3  -0.3  -0.3  -0.3  -0.3
                  -5 ms   -0.3  -0.3  -0.3  -0.3  -0.3  -0.3  -0.3  -0.3  -0.3  -0.3  -0.3  -0.3  -0.3  -0.3  -0.3  -0.3  -0.3  -0.3  -0.3  -0.3
                 +15 ms   -0.3  -0.3  -0.3  -0.3  -0.3  -0.3  -0.3  -0.3  -0.3  -0.3  -0.3  -0.3  -0.3  -0.3  -0.3  -0.3  -0.3  -0.3  -0.3  -0.3
                 +35 ms   -0.3  -0.3  -0.3  -0.3  -0.3  -0.3  -0.3  -0.3  -0.3  -0.3  -0.3  -0.3  -0.3  -0.3  -0.3  -0.3  -0.3  -0.3  -0.3  -0.3
                 +55 ms   -0.3  -0.3  -0.3  -0.3  -0.3  -0.3
              9   30.07    4.5     -4.78   -5.08   -0.3      1.7       4.7     2.7  101.3  252.7  911.0    -5.08  -5.08
                 GR trace -25..+60 ms:
                 -25 ms   -0.3  -0.3  -0.3  -0.3  -0.3  -0.3  -0.3  -0.3  -0.3  -0.3  -0.3  -0.3  -0.3  -0.3  -0.3  -0.3  -0.3  -0.3  -0.3  -0.3
                  -5 ms   -0.3  -0.3  -0.5  -1.3  -2.7  -4.6  -5.0  -5.1  -5.1  -5.1  -5.0  -4.9  -4.8  -4.6  -4.6  -4.5  -4.5  -4.5  -4.4  -4.3
                 +15 ms   -4.2  -4.1  -4.0  -3.9  -3.8  -3.7  -3.6  -3.5  -3.4  -3.3  -3.3  -3.3  -3.3  -3.3  -3.3  -3.2  -3.3  -3.6  -3.8  -3.8
                 +35 ms   -3.8  -3.8  -3.8  -3.7  -3.6  -3.5  -3.4  -3.3  -3.3  -3.2  -3.1  -3.1  -3.0  -3.0  -3.0  -2.9  -2.8  -2.8  -2.7  -2.7
                 +55 ms   -2.8  -2.8  -2.8  -2.8  -2.8  -2.8
             10   32.80    2.2     -2.27   -2.27   -0.3      0.0      10.3     0.3   19.0   29.3  545.0    -2.27  -2.27
                 GR trace -25..+60 ms:
                 -25 ms   -0.3  -0.3  -0.3  -0.3  -0.3  -0.3  -0.3  -0.3  -0.3  -0.3  -0.3  -0.3  -0.3  -0.3  -0.3  -0.3  -0.3  -0.3  -0.3  -0.3
                  -5 ms   -0.3  -0.3  -0.3  -0.3  -0.3  -0.7  -1.3  -2.1  -2.3  -2.3  -2.3  -2.2  -2.2  -2.2  -2.2  -2.2  -2.2  -2.1  -2.1  -2.0
                 +15 ms   -2.0  -1.9  -1.9  -1.8  -1.8  -1.7  -1.7  -1.7  -1.6  -1.6  -1.5  -1.5  -1.5  -1.4  -1.4  -1.4  -1.3  -1.3  -1.3  -1.2
                 +35 ms   -1.2  -1.2  -1.1  -1.1  -1.1  -1.1  -1.0  -1.0  -1.0  -1.0  -1.0  -1.0  -1.0  -1.0  -1.0  -1.0  -1.0  -1.0  -1.0  -1.0
                 +55 ms   -1.0  -1.0  -1.0  -1.0  -1.0  -1.0
             11   39.93   -0.7     -0.00   -0.00   -0.0      n/a       n/a     n/a    n/a    n/a    n/a    -0.00  -0.00
                 GR trace -25..+60 ms:
                 -25 ms   -0.0  -0.0  -0.0  -0.0  -0.0  -0.0  -0.0  -0.0  -0.0  -0.0  -0.0  -0.0  -0.0  -0.0  -0.0  -0.0  -0.0  -0.0  -0.0  -0.0
                  -5 ms   -0.0  -0.0  -0.0  -0.0  -0.0  -0.0  -0.0  -0.0  -0.0  -0.0  -0.0  -0.0  -0.0  -0.0  -0.0  -0.0  -0.0  -0.0  -0.0  -0.0
                 +15 ms   -0.0  -0.0  -0.0  -0.0  -0.0  -0.0  -0.0  -0.0  -0.0  -0.0  -0.0  -0.0  -0.0  -0.0  -0.0  -0.0  -0.0  -0.0  -0.0  -0.0
                 +35 ms   -0.0  -0.0  -0.0  -0.0  -0.0  -0.0  -0.0  -0.0  -0.0  -0.0  -0.0  -0.0  -0.0  -0.0  -0.0  -0.0  -0.0  -0.0  -0.0  -0.0
                 +55 ms   -0.0  -0.0  -0.0  -0.0  -0.0  -0.0
             12   46.43   -4.2     -0.05   -0.06   -0.1      n/a       n/a     n/a    n/a    n/a    n/a    -0.06  -0.06
                 GR trace -25..+60 ms:
                 -25 ms   -0.1  -0.1  -0.1  -0.1  -0.1  -0.1  -0.1  -0.1  -0.1  -0.1  -0.1  -0.1  -0.1  -0.1  -0.1  -0.1  -0.1  -0.1  -0.1  -0.1
                  -5 ms   -0.1  -0.1  -0.1  -0.1  -0.1  -0.1  -0.1  -0.1  -0.1  -0.1  -0.1  -0.1  -0.1  -0.1  -0.1  -0.1  -0.1  -0.1  -0.1  -0.1
                 +15 ms   -0.1  -0.1  -0.1  -0.1  -0.1  -0.1  -0.1  -0.1  -0.1  -0.1  -0.1  -0.1  -0.1  -0.1  -0.1  -0.0  -0.0  -0.0  -0.0  -0.0
                 +35 ms   -0.0  -0.0  -0.0  -0.0  -0.0  -0.0  -0.0  -0.0  -0.0  -0.0  -0.0  -0.0  -0.0  -0.0  -0.0  -0.0  -0.0  -0.0  -0.0  -0.0
                 +55 ms   -0.0  -0.0  -0.0  -0.0  -0.0  -0.0
             13   46.90   -1.9     -0.02   -0.02   -0.0      n/a       n/a     n/a    n/a    n/a    n/a    -0.02  -0.02
                 GR trace -25..+60 ms:
                 -25 ms   -0.0  -0.0  -0.0  -0.0  -0.0  -0.0  -0.0  -0.0  -0.0  -0.0  -0.0  -0.0  -0.0  -0.0  -0.0  -0.0  -0.0  -0.0  -0.0  -0.0
                  -5 ms   -0.0  -0.0  -0.0  -0.0  -0.0  -0.0  -0.0  -0.0  -0.0  -0.0  -0.0  -0.0  -0.0  -0.0  -0.0  -0.0  -0.0  -0.0  -0.0  -0.0
                 +15 ms   -0.0  -0.0  -0.0  -0.0  -0.0  -0.0  -0.0  -0.0  -0.0  -0.0  -0.0  -0.0  -0.0  -0.0  -0.0  -0.0  -0.0  -0.0  -0.0  -0.0
                 +35 ms   -0.0  -0.0  -0.0  -0.0  -0.0  -0.0  -0.0  -0.0  -0.0  -0.0  -0.0  -0.0  -0.0  -0.0  -0.0  -0.0  -0.0  -0.0  -0.0  -0.0
                 +55 ms   -0.0  -0.0  -0.0  -0.0  -0.0  -0.0
             14   52.34    1.8     -1.89   -1.89   -0.8      0.0       7.7     0.0    9.3   13.7  127.7    -1.89  -1.89
                 GR trace -25..+60 ms:
                 -25 ms   -0.7  -0.7  -0.7  -0.7  -0.7  -0.7  -0.7  -0.7  -0.7  -0.7  -0.7  -0.7  -0.7  -0.7  -0.7  -0.7  -0.7  -0.7  -0.7  -0.7
                  -5 ms   -0.7  -0.7  -0.7  -0.7  -0.7  -0.7  -0.7  -0.7  -0.7  -0.7  -0.7  -0.8  -0.8  -0.9  -1.3  -1.6  -1.9  -1.9  -1.9  -1.9
                 +15 ms   -1.8  -1.8  -1.8  -1.7  -1.7  -1.6  -1.6  -1.6  -1.5  -1.5  -1.4  -1.4  -1.4  -1.3  -1.3  -1.3  -1.2  -1.2  -1.2  -1.2
                 +35 ms   -1.1  -1.1  -1.1  -1.1  -1.1  -1.1  -1.1  -1.1  -1.1  -1.1  -1.1  -1.1  -1.1  -1.1  -1.1  -1.1  -1.1  -1.1  -1.1  -1.1
                 +55 ms   -1.1  -1.1  -1.1  -1.1  -1.1  -1.1
ROW case=fullmix_hot tag=v2 aligned=1 offset=0 outI=-11.28 inI=-9.94 tp=-0.10 overs=0 edgeOvers=0 grMean=-1.04 grStd=0.70 crestOut=10.7 hits=15 retMed=-1.09 t63med=34.7 t90med=545.0 lrStd=0.00

-- rule: echojay vs proL2 on fullmix_hot
  FAIL  level matched within 0.1 LU  [-10.69 vs -10.06 LUFS]
  PASS  zero true-peak overs above the ceiling  [0 overs, -0.08 dBTP (Pro-L 2: 0, -0.01 dBTP)]
  PASS  transient retention within 1 dB of Pro-L 2 on every hit  [worst 0.51 dB at hit 9 (30.07 s)]
  FAIL  release limbs within 10% (median t63, t90)  [t63 43.3 vs 0.3 ms, t90 143.5 vs 0.7 ms]
  FAIL  pumping (momentary GR std) no worse than Pro-L 2 + 0.2 dB  [0.44 vs 0.08 dB]

-- rule: v2 vs proL2 on fullmix_hot
  FAIL  level matched within 0.1 LU  [-11.28 vs -10.06 LUFS]
  PASS  zero true-peak overs above the ceiling  [0 overs, -0.10 dBTP (Pro-L 2: 0, -0.01 dBTP)]
  PASS  transient retention within 1 dB of Pro-L 2 on every hit  [worst 0.80 dB at hit 4 (15.96 s)]
  FAIL  release limbs within 10% (median t63, t90)  [t63 34.7 vs 0.3 ms, t90 545.0 vs 0.7 ms]
  FAIL  pumping (momentary GR std) no worse than Pro-L 2 + 0.2 dB  [0.70 vs 0.08 dB]

==== limiter_ab_guard analyse: GREEN (0 problem(s)) ====
