# Pro-L 2 Transparent (Default Setting, +8.2 dB, out 0.0, TP on, OS off) - fine-resolution GR traces, 7 Oct 2026
# GR = 10log10(out energy / (G^2 in energy)) per block; blocks 0.333 ms (16 samples) or 5 ms (240)

######## probe_transients
== hit 0 (1-sample impulse) fine GR, 0.333 ms blocks, relative to onset:
   rel ms: -2.00 -1.67 -1.33 -1.00 -0.67 -0.33 -0.00  0.33  0.67  1.00  1.33  1.67  2.00
   GR dB : -0.00 -0.00 -0.00 -0.00 -0.00 -3.90 -6.82 -0.01 -0.01 -0.01 -0.01 -0.01 -0.01
== hit 1 (0.5 ms burst) fine GR, 0.333 ms blocks, relative to onset:
   rel ms: -2.00 -1.67 -1.33 -1.00 -0.67 -0.33 -0.00  0.33  0.67  1.00  1.33  1.67  2.00
   GR dB : -0.00 -0.00 -0.00 -0.00 -0.01 -0.49 -7.95 -6.14 -0.05 -0.04 -0.03 -0.03 -0.03
== hit 3 (10 ms burst) fine GR, 0.333 ms blocks, relative to onset:
   rel ms: -2.00 -1.67 -1.33 -1.00 -0.67 -0.33 -0.00  0.33  0.67  1.00  1.33  1.67  2.00
   GR dB : -0.00 -0.00 -0.00 -0.00 -0.00 -0.04 -4.56 -7.53 -6.45 -6.72 -7.53 -6.45 -6.72
   ...end of the 10 ms burst:
   rel ms:  8.50  8.83  9.17  9.50  9.83 10.17 10.50 10.83 11.17 11.50 11.83 12.17 12.50
   GR dB : -6.45 -6.72 -7.53 -4.70 -0.61 -0.57 -0.57 -0.57 -0.57 -0.57 -0.57 -0.57 -0.57
== hit 4 (50 ms burst) release after the burst end, 5 ms blocks, relative to burst END:
   rel ms:    -10     -5      0      5     10     15     20     25     30     35     40     45     50     55     60     90    120    150    180    210    240    270    300    330    360    390    420    450    480    510    540    570    600
   GR dB :  -6.92  -6.85  -2.29  -2.22  -2.16  -2.11  -2.05  -2.00  -1.94  -1.89  -1.84  -1.79  -1.74  -1.69  -1.64  -1.39  -1.17  -0.99  -0.84  -0.71  -0.61  -0.52  -0.44  -0.37  -0.32  -0.27  -0.23  -0.20  -0.17  -0.14  -0.12  -0.11  -0.09
== hit 5 (200 ms burst) release after the burst end, 5 ms blocks, relative to burst END:
   rel ms:    -10     -5      0      5     10     15     20     25     30     35     40     45     50     55     60     90    120    150    180    210    240    270    300    330    360    390    420    450    480    510    540    570    600
   GR dB :  -6.92  -6.86  -4.53  -4.36  -4.22  -4.09  -3.97  -3.85  -3.73  -3.62  -3.51  -3.40  -3.30  -3.20  -3.10  -2.58  -2.16  -1.81  -1.53  -1.29  -1.09  -0.92  -0.78  -0.67  -0.57  -0.48  -0.41  -0.35  -0.30  -0.25  -0.22  -0.19  -0.16
== hit 6 (1000 ms burst) release after the burst end, 5 ms blocks, relative to burst END:
   rel ms:    -10     -5      0      5     10     15     20     25     30     35     40     45     50     55     60     90    120    150    180    210    240    270    300    330    360    390    420    450    480    510    540    570    600
   GR dB :  -6.92  -6.88  -4.95  -4.75  -4.59  -4.45  -4.31  -4.18  -4.05  -3.92  -3.80  -3.68  -3.57  -3.46  -3.35  -2.79  -2.33  -1.95  -1.64  -1.38  -1.17  -0.99  -0.84  -0.71  -0.61  -0.52  -0.44  -0.37  -0.32  -0.27  -0.23  -0.20  -0.17

######## tone_997
== step down at 16.6 s, 5 ms blocks relative to the step:
   rel ms:    -10     -5      0      5     10     15     20     25     30     35     40     45     50     55     60     90    120    150    180    210    240    270    300    330    360    390    420    450    480    510    540    570    600
   GR dB :  -7.97  -7.95  -6.15  -6.03  -6.00  -5.98  -5.96  -5.95  -5.93  -5.92  -5.91  -5.90  -5.89  -5.88  -5.88  -5.85  -5.83  -5.81  -5.81  -5.80  -5.80  -5.80  -5.80  -5.79  -5.79  -5.79  -5.79  -5.79  -5.79  -5.79  -5.79  -5.79  -5.79
== step down at 20.6 s, 5 ms blocks relative to the step:
   rel ms:    -10     -5      0      5     10     15     20     25     30     35     40     45     50     55     60     90    120    150    180    210    240    270    300    330    360    390    420    450    480    510    540    570    600
   GR dB :  -5.79  -5.78  -4.29  -4.11  -3.98  -3.86  -3.74  -3.63  -3.52  -3.41  -3.31  -3.21  -3.11  -3.02  -2.93  -2.44  -2.05  -1.72  -1.45  -1.23  -1.04  -0.88  -0.75  -0.64  -0.54  -0.46  -0.39  -0.34  -0.29  -0.25  -0.21  -0.18  -0.15
== step UP at 12.6 s (to +8.2 over), 0.333 ms blocks:
   rel ms: -2.00 -1.67 -1.33 -1.00 -0.67 -0.33 -0.00  0.33  0.67  1.00  1.33  1.67  2.00  2.33  2.67  3.00
   GR dB : -5.83 -5.89 -5.53 -5.83 -5.89 -6.52 -8.01 -8.05 -7.49 -7.95 -8.05 -7.49 -7.96 -8.06 -7.48 -7.97

######## tone_50
== step down at 16.6 s, 5 ms blocks relative to the step:
   rel ms:    -10     -5      0      5     10     15     20     25     30     35     40     45     50     55     60     90    120    150    180    210    240    270    300    330    360    390    420    450    480    510    540    570    600
   GR dB :  -7.15  -7.18  -5.89  -5.88  -5.76  -5.76  -5.66  -5.67  -5.58  -5.59  -5.51  -5.53  -5.45  -5.47  -5.40  -5.29  -5.22  -5.18  -5.15  -5.13  -5.11  -5.10  -5.09  -5.09  -5.09  -5.08  -5.08  -5.08  -5.08  -5.08  -5.08  -5.08  -5.08
== step down at 20.6 s, 5 ms blocks relative to the step:
   rel ms:    -10     -5      0      5     10     15     20     25     30     35     40     45     50     55     60     90    120    150    180    210    240    270    300    330    360    390    420    450    480    510    540    570    600
   GR dB :  -5.08  -5.11  -4.05  -3.97  -3.80  -3.73  -3.57  -3.51  -3.36  -3.30  -3.16  -3.11  -2.97  -2.92  -2.80  -2.34  -1.96  -1.65  -1.39  -1.18  -1.00  -0.84  -0.72  -0.61  -0.52  -0.44  -0.38  -0.32  -0.27  -0.23  -0.20  -0.17  -0.15
== step UP at 12.6 s (to +8.2 over), 0.333 ms blocks:
   rel ms: -2.00 -1.67 -1.33 -1.00 -0.67 -0.33 -0.00  0.33  0.67  1.00  1.33  1.67  2.00  2.33  2.67  3.00
   GR dB : -4.22 -4.21 -4.20 -4.19 -4.19 -4.18 -4.16 -4.15 -4.14 -4.13 -4.12 -4.12 -4.53 -5.47 -6.24 -6.86
