limiter_ab_guard analyse docs/limiter_ab/renders  gain +8.2 dB  ceiling +0.0 dB

#### case fullmix: source docs/limiter_ab/renders/source_fullmix.wav (pcm24, 48000 Hz, 2 ch, 58.18 s)

== case fullmix            tag echojay     48000 Hz  2792619 frames  offset +108 samples (2.25 ms)  corr 1.000 1.000 1.000 1.000 1.000 1.000 1.000 0.998
  gain +8.2 dB  ceiling +0.0 dB
  loudness   in+gain  I -12.60 LUFS  Mmax -8.9  Smax -10.8   |  out  I -12.61 LUFS  Mmax -9.3  Smax -10.9   |  S std 1.77 -> 1.72 LU
  peaks      sample -0.20 dBFS  TRUE PEAK -0.18 dBTP  overs above ceiling+0.05 dB: 0
  dynamics   GR mean 0.06 dB  max -1.35  std 0.14  p2p 1.47  |  crest in 11.4 -> out 11.2 dB  |  L-R GR std 0.02 dB
  hits       15 detected
              #    t(s)   over   retained   GRmin   base   pre(ms)   hold(ms)    t10    t50    t63    t90 (ms)   dipL   dipR
              0    0.07   -0.0     -0.33   -0.33    0.0      n/a       n/a     n/a    n/a    n/a    n/a    -0.33  -0.33
                 GR trace -25..+60 ms:
                 -25 ms    n/a   n/a   n/a   n/a   n/a   n/a   n/a   n/a   n/a   n/a   n/a   n/a   n/a   n/a   n/a   n/a   n/a   n/a   n/a   n/a
                  -5 ms    0.1   0.1   0.1   0.1   0.1   0.1   0.1   0.1   0.1   0.1   0.1  -0.2  -0.3  -0.3  -0.3  -0.3  -0.3  -0.3  -0.3  -0.3
                 +15 ms   -0.3  -0.3  -0.3  -0.3  -0.2  -0.2  -0.2  -0.2  -0.2  -0.2  -0.2  -0.2  -0.2  -0.2  -0.2  -0.2  -0.2  -0.2  -0.2  -0.1
                 +35 ms   -0.1  -0.1  -0.1  -0.1  -0.1  -0.1  -0.1  -0.1  -0.1  -0.1  -0.1  -0.1  -0.1  -0.1  -0.1  -0.1  -0.1  -0.1  -0.1  -0.1
                 +55 ms   -0.1  -0.1  -0.0  -0.0  -0.0  -0.0
              1    1.43   -3.4      0.12    0.12    0.1      n/a       n/a     n/a    n/a    n/a    n/a     0.12   0.12
                 GR trace -25..+60 ms:
                 -25 ms    0.1   0.1   0.1   0.1   0.1   0.1   0.1   0.1   0.1   0.1   0.1   0.1   0.1   0.1   0.1   0.1   0.1   0.1   0.1   0.1
                  -5 ms    0.1   0.1   0.1   0.1   0.1   0.1   0.1   0.1   0.1   0.1   0.1   0.1   0.1   0.1   0.1   0.1   0.1   0.1   0.1   0.1
                 +15 ms    0.1   0.1   0.1   0.1   0.1   0.1   0.1   0.1   0.1   0.1   0.1   0.1   0.1   0.1   0.1   0.1   0.1   0.1   0.1   0.1
                 +35 ms    0.1   0.1   0.1   0.1   0.1   0.1   0.1   0.1   0.1   0.1   0.1   0.1   0.1   0.1   0.1   0.1   0.1   0.1   0.1   0.1
                 +55 ms    0.1   0.1   0.1   0.1   0.1   0.1
              2    3.71    0.3     -0.53   -0.53    0.1      n/a       n/a     n/a    n/a    n/a    n/a    -0.53  -0.53
                 GR trace -25..+60 ms:
                 -25 ms    0.1   0.1   0.1   0.1   0.1   0.1   0.1   0.1   0.1   0.1   0.1   0.1   0.1   0.1   0.1   0.1   0.1   0.1   0.1   0.1
                  -5 ms    0.1   0.1   0.1   0.1   0.1   0.1   0.1   0.1   0.1   0.1  -0.4  -0.5  -0.5  -0.5  -0.5  -0.5  -0.5  -0.5  -0.5  -0.4
                 +15 ms   -0.4  -0.4  -0.4  -0.4  -0.4  -0.4  -0.4  -0.4  -0.3  -0.3  -0.3  -0.3  -0.3  -0.3  -0.3  -0.3  -0.3  -0.3  -0.3  -0.3
                 +35 ms   -0.2  -0.2  -0.2  -0.2  -0.2  -0.2  -0.2  -0.2  -0.2  -0.2  -0.2  -0.2  -0.2  -0.2  -0.2  -0.1  -0.1  -0.1  -0.1  -0.1
                 +55 ms   -0.1  -0.1  -0.1  -0.1  -0.1  -0.1
              3    8.70   -0.5      0.12    0.12    0.1      n/a       n/a     n/a    n/a    n/a    n/a     0.12   0.12
                 GR trace -25..+60 ms:
                 -25 ms    0.1   0.1   0.1   0.1   0.1   0.1   0.1   0.1   0.1   0.1   0.1   0.1   0.1   0.1   0.1   0.1   0.1   0.1   0.1   0.1
                  -5 ms    0.1   0.1   0.1   0.1   0.1   0.1   0.1   0.1   0.1   0.1   0.1   0.1   0.1   0.1   0.1   0.1   0.1   0.1   0.1   0.1
                 +15 ms    0.1   0.1   0.1   0.1   0.1   0.1   0.1   0.1   0.1   0.1   0.1   0.1   0.1   0.1   0.1   0.1   0.1   0.1   0.1   0.1
                 +35 ms    0.1   0.1   0.1   0.1   0.1   0.1   0.1   0.1   0.1   0.1   0.1   0.1   0.1   0.1   0.1   0.1   0.1   0.1   0.1   0.1
                 +55 ms    0.1   0.1   0.1   0.1   0.1   0.1
              4   15.96  -10.1      0.12    0.12    0.1      n/a       n/a     n/a    n/a    n/a    n/a     0.12   0.12
                 GR trace -25..+60 ms:
                 -25 ms    0.1   0.1   0.1   0.1   0.1   0.1   0.1   0.1   0.1   0.1   0.1   0.1   0.1   0.1   0.1   0.1   0.1   0.1   0.1   0.1
                  -5 ms    0.1   0.1   0.1   0.1   0.1   0.1   0.1   0.1   0.1   0.1   0.1   0.1   0.1   0.1   0.1   0.1   0.1   0.1   0.1   0.1
                 +15 ms    0.1   0.1   0.1   0.1   0.1   0.1   0.1   0.1   0.1   0.1   0.1   0.1   0.1   0.1   0.1   0.1   0.1   0.1   0.1   0.1
                 +35 ms    0.1   0.1   0.1   0.1   0.1   0.1   0.1   0.1   0.1   0.1   0.1   0.1   0.1   0.1   0.1   0.1   0.1   0.1   0.1   0.1
                 +55 ms    0.1   0.1   0.1   0.1   0.1   0.1
              5   17.65   -7.9      0.12    0.12    0.1      n/a       n/a     n/a    n/a    n/a    n/a     0.12   0.12
                 GR trace -25..+60 ms:
                 -25 ms    0.1   0.1   0.1   0.1   0.1   0.1   0.1   0.1   0.1   0.1   0.1   0.1   0.1   0.1   0.1   0.1   0.1   0.1   0.1   0.1
                  -5 ms    0.1   0.1   0.1   0.1   0.1   0.1   0.1   0.1   0.1   0.1   0.1   0.1   0.1   0.1   0.1   0.1   0.1   0.1   0.1   0.1
                 +15 ms    0.1   0.1   0.1   0.1   0.1   0.1   0.1   0.1   0.1   0.1   0.1   0.1   0.1   0.1   0.1   0.1   0.1   0.1   0.1   0.1
                 +35 ms    0.1   0.1   0.1   0.1   0.1   0.1   0.1   0.1   0.1   0.1   0.1   0.1   0.1   0.1   0.1   0.1   0.1   0.1   0.1   0.1
                 +55 ms    0.1   0.1   0.1   0.1   0.1   0.1
              6   18.25   -0.2     -0.14   -0.14    0.1      n/a       n/a     n/a    n/a    n/a    n/a    -0.14  -0.14
                 GR trace -25..+60 ms:
                 -25 ms    0.1   0.1   0.1   0.1   0.1   0.1   0.1   0.1   0.1   0.1   0.1   0.1   0.1   0.1   0.1   0.1   0.1   0.1   0.1   0.1
                  -5 ms    0.1   0.1   0.1   0.1   0.1   0.1   0.1   0.1   0.1   0.1   0.1  -0.1  -0.1  -0.1  -0.1  -0.1  -0.1  -0.1  -0.1  -0.1
                 +15 ms   -0.1  -0.1  -0.1  -0.1  -0.1  -0.1  -0.1  -0.1  -0.1  -0.1  -0.1  -0.1  -0.1  -0.1  -0.0  -0.0  -0.0  -0.0  -0.0  -0.0
                 +35 ms   -0.0  -0.0  -0.0  -0.0  -0.0  -0.0  -0.0  -0.0  -0.0  -0.0  -0.0   0.0   0.0   0.0   0.0   0.0   0.0   0.0   0.0   0.0
                 +55 ms    0.0   0.0   0.0   0.0   0.0   0.0
              7   24.61   -1.8      0.12    0.12    0.1      n/a       n/a     n/a    n/a    n/a    n/a     0.12   0.12
                 GR trace -25..+60 ms:
                 -25 ms    0.1   0.1   0.1   0.1   0.1   0.1   0.1   0.1   0.1   0.1   0.1   0.1   0.1   0.1   0.1   0.1   0.1   0.1   0.1   0.1
                  -5 ms    0.1   0.1   0.1   0.1   0.1   0.1   0.1   0.1   0.1   0.1   0.1   0.1   0.1   0.1   0.1   0.1   0.1   0.1   0.1   0.1
                 +15 ms    0.1   0.1   0.1   0.1   0.1   0.1   0.1   0.1   0.1   0.1   0.1   0.1   0.1   0.1   0.1   0.1   0.1   0.1   0.1   0.1
                 +35 ms    0.1   0.1   0.1   0.1   0.1   0.1   0.1   0.1   0.1   0.1   0.1   0.1   0.1   0.1   0.1   0.1   0.1   0.1   0.1   0.1
                 +55 ms    0.1   0.1   0.1   0.1   0.1   0.1
              8   25.29   -2.5      0.12    0.12    0.1      n/a       n/a     n/a    n/a    n/a    n/a     0.12   0.12
                 GR trace -25..+60 ms:
                 -25 ms    0.1   0.1   0.1   0.1   0.1   0.1   0.1   0.1   0.1   0.1   0.1   0.1   0.1   0.1   0.1   0.1   0.1   0.1   0.1   0.1
                  -5 ms    0.1   0.1   0.1   0.1   0.1   0.1   0.1   0.1   0.1   0.1   0.1   0.1   0.1   0.1   0.1   0.1   0.1   0.1   0.1   0.1
                 +15 ms    0.1   0.1   0.1   0.1   0.1   0.1   0.1   0.1   0.1   0.1   0.1   0.1   0.1   0.1   0.1   0.1   0.1   0.1   0.1   0.1
                 +35 ms    0.1   0.1   0.1   0.1   0.1   0.1   0.1   0.1   0.1   0.1   0.1   0.1   0.1   0.1   0.1   0.1   0.1   0.1   0.1   0.1
                 +55 ms    0.1   0.1   0.1   0.1   0.1   0.1
              9   30.07    1.9     -2.53   -2.53    0.1      0.0       6.7     4.7   37.3   52.7  115.7    -2.53  -2.53
                 GR trace -25..+60 ms:
                 -25 ms    0.1   0.1   0.1   0.1   0.1   0.1   0.1   0.1   0.1   0.1   0.1   0.1   0.1   0.1   0.1   0.1   0.1   0.1   0.1   0.1
                  -5 ms    0.1   0.1   0.1   0.1   0.0  -2.4  -2.5  -2.5  -2.5  -2.5  -2.4  -2.4  -2.3  -2.3  -2.3  -2.3  -2.3  -2.2  -2.2  -2.2
                 +15 ms   -2.1  -2.1  -2.0  -2.0  -1.9  -1.9  -1.9  -1.8  -1.8  -1.7  -1.7  -1.7  -1.7  -1.6  -1.6  -1.5  -1.5  -1.5  -1.5  -1.5
                 +35 ms   -1.5  -1.4  -1.4  -1.4  -1.3  -1.3  -1.3  -1.2  -1.2  -1.2  -1.2  -1.2  -1.1  -1.1  -1.1  -1.1  -1.0  -1.0  -1.0  -1.0
                 +55 ms   -0.9  -0.9  -0.9  -0.9  -0.9  -0.8
             10   32.80   -0.5      0.12    0.12    0.1      n/a       n/a     n/a    n/a    n/a    n/a     0.12   0.12
                 GR trace -25..+60 ms:
                 -25 ms    0.1   0.1   0.1   0.1   0.1   0.1   0.1   0.1   0.1   0.1   0.1   0.1   0.1   0.1   0.1   0.1   0.1   0.1   0.1   0.1
                  -5 ms    0.1   0.1   0.1   0.1   0.1   0.1   0.1   0.1   0.1   0.1   0.1   0.1   0.1   0.1   0.1   0.1   0.1   0.1   0.1   0.1
                 +15 ms    0.1   0.1   0.1   0.1   0.1   0.1   0.1   0.1   0.1   0.1   0.1   0.1   0.1   0.1   0.1   0.1   0.1   0.1   0.1   0.1
                 +35 ms    0.1   0.1   0.1   0.1   0.1   0.1   0.1   0.1   0.1   0.1   0.1   0.1   0.1   0.1   0.1   0.1   0.1   0.1   0.1   0.1
                 +55 ms    0.1   0.1   0.1   0.1   0.1   0.1
             11   39.93   -3.4      0.12    0.12    0.1      n/a       n/a     n/a    n/a    n/a    n/a     0.12   0.12
                 GR trace -25..+60 ms:
                 -25 ms    0.1   0.1   0.1   0.1   0.1   0.1   0.1   0.1   0.1   0.1   0.1   0.1   0.1   0.1   0.1   0.1   0.1   0.1   0.1   0.1
                  -5 ms    0.1   0.1   0.1   0.1   0.1   0.1   0.1   0.1   0.1   0.1   0.1   0.1   0.1   0.1   0.1   0.1   0.1   0.1   0.1   0.1
                 +15 ms    0.1   0.1   0.1   0.1   0.1   0.1   0.1   0.1   0.1   0.1   0.1   0.1   0.1   0.1   0.1   0.1   0.1   0.1   0.1   0.1
                 +35 ms    0.1   0.1   0.1   0.1   0.1   0.1   0.1   0.1   0.1   0.1   0.1   0.1   0.1   0.1   0.1   0.1   0.1   0.1   0.1   0.1
                 +55 ms    0.1   0.1   0.1   0.1   0.1   0.1
             12   46.43   -6.9      0.09   -1.13    0.1      0.0       0.0     0.3    0.3    0.3    0.7    -2.39  -3.01
                 GR trace -25..+60 ms:
                 -25 ms    0.3   0.2  -0.2  -0.2   0.0   0.4   0.3   0.1   0.1   0.1   0.3  -0.0   0.0  -0.2   0.3   0.2  -0.0  -0.0  -0.2   0.1
                  -5 ms    0.1  -0.2   0.0   0.2   0.0   0.1   0.1   0.1   0.1   0.2   0.1   0.1   0.1   0.1   0.1   0.1   0.1   0.1   0.1   0.1
                 +15 ms    0.1   0.1   0.1   0.1   0.1   0.1   0.1   0.1   0.1   0.1   0.1   0.1   0.1   0.1   0.1   0.1   0.1   0.1   0.1   0.2
                 +35 ms    0.1   0.2   0.1   0.1   0.1   0.1   0.1   0.1   0.2   0.1   0.1   0.1   0.2   0.1   0.1   0.1   0.1   0.2   0.1   0.1
                 +55 ms    0.1   0.1   0.1   0.2   0.1   0.1
             13   46.90   -4.6      0.12   -0.40    0.1      n/a       n/a     n/a    n/a    n/a    n/a    -1.03  -0.37
                 GR trace -25..+60 ms:
                 -25 ms    0.2   0.2   0.1  -0.1   0.0   0.2   0.2   0.1   0.1   0.1   0.2   0.2   0.2   0.1   0.2   0.1   0.2   0.2   0.1   0.2
                  -5 ms    0.1   0.2   0.2   0.1   0.1   0.1   0.1   0.1   0.1   0.1   0.1   0.1   0.1   0.1   0.1   0.1   0.1   0.1   0.1   0.1
                 +15 ms    0.1   0.1   0.1   0.2   0.1   0.1   0.1   0.1   0.1   0.1   0.1   0.1   0.1   0.1   0.1   0.1   0.1   0.1   0.1   0.1
                 +35 ms    0.1   0.1   0.1   0.1   0.1   0.1   0.1   0.1   0.1   0.1   0.1   0.1   0.1   0.1   0.1   0.1   0.1   0.1   0.1   0.1
                 +55 ms    0.1   0.1   0.1   0.1   0.1   0.1
             14   52.34   -0.9      0.12    0.12    0.1      n/a       n/a     n/a    n/a    n/a    n/a     0.12   0.12
                 GR trace -25..+60 ms:
                 -25 ms    0.1   0.1   0.1   0.1   0.1   0.1   0.1   0.1   0.1   0.1   0.1   0.1   0.1   0.1   0.1   0.1   0.1   0.1   0.1   0.1
                  -5 ms    0.1   0.1   0.1   0.1   0.1   0.1   0.1   0.1   0.1   0.1   0.1   0.1   0.1   0.1   0.1   0.1   0.1   0.1   0.1   0.1
                 +15 ms    0.1   0.1   0.1   0.1   0.1   0.1   0.1   0.1   0.1   0.1   0.1   0.1   0.1   0.1   0.1   0.1   0.1   0.1   0.1   0.1
                 +35 ms    0.1   0.1   0.1   0.1   0.1   0.1   0.1   0.1   0.1   0.1   0.1   0.1   0.1   0.1   0.1   0.1   0.1   0.1   0.1   0.1
                 +55 ms    0.1   0.1   0.1   0.1   0.1   0.1
ROW case=fullmix tag=echojay aligned=1 offset=108 outI=-12.61 inI=-12.60 tp=-0.18 overs=0 grMean=0.06 grStd=0.14 crestOut=11.2 hits=15 retMed=0.12 t63med=26.5 t90med=58.2 lrStd=0.02

== case fullmix            tag proL2tpOFF  48000 Hz  2792231 frames  offset +496 samples (10.33 ms)  corr 1.000 1.000 1.000 1.000 1.000 1.000 1.000 0.999
  gain +8.2 dB  ceiling +0.0 dB
  loudness   in+gain  I -12.60 LUFS  Mmax -8.9  Smax -10.8   |  out  I -12.60 LUFS  Mmax -8.9  Smax -10.9   |  S std 1.77 -> 1.77 LU
  peaks      sample -0.00 dBFS  TRUE PEAK 0.52 dBTP  overs above ceiling+0.05 dB: 95  (worst at 25.53 s)
  dynamics   GR mean -0.00 dB  max -0.12  std 0.01  p2p 0.12  |  crest in 11.4 -> out 11.2 dB  |  L-R GR std 0.00 dB
  hits       15 detected
              #    t(s)   over   retained   GRmin   base   pre(ms)   hold(ms)    t10    t50    t63    t90 (ms)   dipL   dipR
              0    0.07   -0.0      0.00    0.00    0.0      n/a       n/a     n/a    n/a    n/a    n/a     0.00   0.00
                 GR trace -25..+60 ms:
                 -25 ms    n/a   n/a   n/a   n/a   n/a   n/a   n/a   n/a   n/a   n/a   n/a   n/a   n/a   n/a   n/a   n/a   n/a   n/a   n/a   n/a
                  -5 ms    0.0   0.0   0.0   0.0   0.0   0.0   0.0   0.0   0.0   0.0   0.0   0.0   0.0   0.0   0.0   0.0   0.0   0.0   0.0   0.0
                 +15 ms    0.0   0.0   0.0   0.0   0.0   0.0   0.0   0.0   0.0   0.0   0.0   0.0   0.0   0.0   0.0   0.0   0.0   0.0   0.0   0.0
                 +35 ms    0.0   0.0   0.0   0.0   0.0   0.0   0.0   0.0   0.0   0.0   0.0   0.0   0.0   0.0   0.0   0.0   0.0   0.0   0.0   0.0
                 +55 ms    0.0   0.0   0.0   0.0   0.0   0.0
              1    1.43   -3.4      0.00    0.00    0.0      n/a       n/a     n/a    n/a    n/a    n/a     0.00   0.00
                 GR trace -25..+60 ms:
                 -25 ms    0.0   0.0   0.0   0.0   0.0   0.0   0.0   0.0   0.0   0.0   0.0   0.0   0.0   0.0   0.0   0.0   0.0   0.0   0.0   0.0
                  -5 ms    0.0   0.0   0.0   0.0   0.0   0.0   0.0   0.0   0.0   0.0   0.0   0.0   0.0   0.0   0.0   0.0   0.0   0.0   0.0   0.0
                 +15 ms    0.0   0.0   0.0   0.0   0.0   0.0   0.0   0.0   0.0   0.0   0.0   0.0   0.0   0.0   0.0   0.0   0.0   0.0   0.0   0.0
                 +35 ms    0.0   0.0   0.0   0.0   0.0   0.0   0.0   0.0   0.0   0.0   0.0   0.0   0.0   0.0   0.0   0.0   0.0   0.0   0.0   0.0
                 +55 ms    0.0   0.0   0.0   0.0   0.0   0.0
              2    3.71    0.3     -0.33   -0.18    0.0      n/a       n/a     n/a    n/a    n/a    n/a    -0.20  -0.17
                 GR trace -25..+60 ms:
                 -25 ms    0.0   0.0   0.0   0.0   0.0   0.0   0.0   0.0   0.0   0.0   0.0   0.0   0.0   0.0   0.0   0.0   0.0   0.0   0.0   0.0
                  -5 ms    0.0   0.0   0.0   0.0   0.0   0.0   0.0   0.0   0.0   0.0   0.0   0.0  -0.1   0.0   0.0   0.0   0.0   0.0   0.0   0.0
                 +15 ms    0.0   0.0   0.0   0.0   0.0   0.0   0.0   0.0   0.0   0.0   0.0   0.0   0.0   0.0   0.0   0.0   0.0   0.0   0.0   0.0
                 +35 ms    0.0   0.0   0.0   0.0   0.0   0.0   0.0   0.0   0.0   0.0   0.0   0.0   0.0   0.0   0.0   0.0   0.0   0.0   0.0   0.0
                 +55 ms    0.0   0.0   0.0   0.0   0.0   0.0
              3    8.70   -0.5      0.00    0.00    0.0      n/a       n/a     n/a    n/a    n/a    n/a     0.00   0.00
                 GR trace -25..+60 ms:
                 -25 ms    0.0   0.0   0.0   0.0   0.0   0.0   0.0   0.0   0.0   0.0   0.0   0.0   0.0   0.0   0.0   0.0   0.0   0.0   0.0   0.0
                  -5 ms    0.0   0.0   0.0   0.0   0.0   0.0   0.0   0.0   0.0   0.0   0.0   0.0   0.0   0.0   0.0   0.0   0.0   0.0   0.0   0.0
                 +15 ms    0.0   0.0   0.0   0.0   0.0   0.0   0.0   0.0   0.0   0.0   0.0   0.0   0.0   0.0   0.0   0.0   0.0   0.0   0.0   0.0
                 +35 ms    0.0   0.0   0.0   0.0   0.0   0.0   0.0   0.0   0.0   0.0   0.0   0.0   0.0   0.0   0.0   0.0   0.0   0.0   0.0   0.0
                 +55 ms    0.0   0.0   0.0   0.0   0.0   0.0
              4   15.96  -10.1      0.00    0.00    0.0      n/a       n/a     n/a    n/a    n/a    n/a     0.00   0.00
                 GR trace -25..+60 ms:
                 -25 ms    0.0   0.0   0.0   0.0   0.0   0.0   0.0   0.0   0.0   0.0   0.0   0.0   0.0   0.0   0.0   0.0   0.0   0.0   0.0   0.0
                  -5 ms    0.0   0.0   0.0   0.0   0.0   0.0   0.0   0.0   0.0   0.0   0.0   0.0   0.0   0.0   0.0   0.0   0.0   0.0   0.0   0.0
                 +15 ms    0.0   0.0   0.0   0.0   0.0   0.0   0.0   0.0   0.0   0.0   0.0   0.0   0.0   0.0   0.0   0.0   0.0   0.0   0.0   0.0
                 +35 ms    0.0   0.0   0.0   0.0   0.0   0.0   0.0   0.0   0.0   0.0   0.0   0.0   0.0   0.0   0.0   0.0   0.0   0.0   0.0   0.0
                 +55 ms    0.0   0.0   0.0   0.0   0.0   0.0
              5   17.65   -7.9      0.00    0.00    0.0      n/a       n/a     n/a    n/a    n/a    n/a     0.00   0.00
                 GR trace -25..+60 ms:
                 -25 ms    0.0   0.0   0.0   0.0   0.0   0.0   0.0   0.0   0.0   0.0   0.0   0.0   0.0   0.0   0.0   0.0   0.0   0.0   0.0   0.0
                  -5 ms    0.0   0.0   0.0   0.0   0.0   0.0   0.0   0.0   0.0   0.0   0.0   0.0   0.0   0.0   0.0   0.0   0.0   0.0   0.0   0.0
                 +15 ms    0.0   0.0   0.0   0.0   0.0   0.0   0.0   0.0   0.0   0.0   0.0   0.0   0.0   0.0   0.0   0.0   0.0   0.0   0.0   0.0
                 +35 ms    0.0   0.0   0.0   0.0   0.0   0.0   0.0   0.0   0.0   0.0   0.0   0.0   0.0   0.0   0.0   0.0   0.0   0.0   0.0   0.0
                 +55 ms    0.0   0.0   0.0   0.0   0.0   0.0
              6   18.25   -0.2      0.00    0.00    0.0      n/a       n/a     n/a    n/a    n/a    n/a     0.00   0.00
                 GR trace -25..+60 ms:
                 -25 ms    0.0   0.0   0.0   0.0   0.0   0.0   0.0   0.0   0.0   0.0   0.0   0.0   0.0   0.0   0.0   0.0   0.0   0.0   0.0   0.0
                  -5 ms    0.0   0.0   0.0   0.0   0.0   0.0   0.0   0.0   0.0   0.0   0.0   0.0   0.0   0.0   0.0   0.0   0.0   0.0   0.0   0.0
                 +15 ms    0.0   0.0   0.0   0.0   0.0   0.0   0.0   0.0   0.0   0.0   0.0   0.0   0.0   0.0   0.0   0.0   0.0   0.0   0.0   0.0
                 +35 ms    0.0   0.0   0.0   0.0   0.0   0.0   0.0   0.0   0.0   0.0   0.0   0.0   0.0   0.0   0.0   0.0   0.0   0.0   0.0   0.0
                 +55 ms    0.0   0.0   0.0   0.0   0.0   0.0
              7   24.61   -1.8      0.00    0.00    0.0      n/a       n/a     n/a    n/a    n/a    n/a     0.00   0.00
                 GR trace -25..+60 ms:
                 -25 ms    0.0   0.0   0.0   0.0   0.0   0.0   0.0   0.0   0.0   0.0   0.0   0.0   0.0   0.0   0.0   0.0   0.0   0.0   0.0   0.0
                  -5 ms    0.0   0.0   0.0   0.0   0.0   0.0   0.0   0.0   0.0   0.0   0.0   0.0   0.0   0.0   0.0   0.0   0.0   0.0   0.0   0.0
                 +15 ms    0.0   0.0   0.0   0.0   0.0   0.0   0.0   0.0   0.0   0.0   0.0   0.0   0.0   0.0   0.0   0.0   0.0   0.0   0.0   0.0
                 +35 ms    0.0   0.0   0.0   0.0   0.0   0.0   0.0   0.0   0.0   0.0   0.0   0.0   0.0   0.0   0.0   0.0   0.0   0.0   0.0   0.0
                 +55 ms    0.0   0.0   0.0   0.0   0.0   0.0
              8   25.29   -2.5      0.00    0.00    0.0      n/a       n/a     n/a    n/a    n/a    n/a     0.00   0.00
                 GR trace -25..+60 ms:
                 -25 ms    0.0   0.0   0.0   0.0   0.0   0.0   0.0   0.0   0.0   0.0   0.0   0.0   0.0   0.0   0.0   0.0   0.0   0.0   0.0   0.0
                  -5 ms    0.0   0.0   0.0   0.0   0.0   0.0   0.0   0.0   0.0   0.0   0.0   0.0   0.0   0.0   0.0   0.0   0.0   0.0   0.0   0.0
                 +15 ms    0.0   0.0   0.0   0.0   0.0   0.0   0.0   0.0   0.0   0.0   0.0   0.0   0.0   0.0   0.0   0.0   0.0   0.0   0.0   0.0
                 +35 ms    0.0   0.0   0.0   0.0   0.0   0.0   0.0   0.0   0.0   0.0   0.0   0.0   0.0   0.0   0.0   0.0   0.0   0.0   0.0   0.0
                 +55 ms    0.0   0.0   0.0   0.0   0.0   0.0
              9   30.07    1.9     -1.89   -1.29    0.0      0.0       0.0     0.3    0.3    0.3    0.3    -1.25  -1.33
                 GR trace -25..+60 ms:
                 -25 ms    0.0   0.0   0.0   0.0   0.0   0.0   0.0   0.0   0.0   0.0   0.0   0.0   0.0   0.0   0.0   0.0   0.0   0.0   0.0   0.0
                  -5 ms    0.0   0.0   0.0   0.0   0.0   0.0  -0.0  -0.9  -0.3  -0.0  -0.0  -0.0  -0.0  -0.1  -0.0  -0.5  -0.7  -0.5  -0.0  -0.0
                 +15 ms   -0.0  -0.0  -0.0  -0.0  -0.0  -0.0  -0.0  -0.0  -0.0  -0.0  -0.0  -0.1  -0.1  -0.0  -0.0  -0.0  -0.0  -0.0  -0.1  -0.4
                 +35 ms   -0.0  -0.0  -0.0  -0.0  -0.0  -0.0  -0.0  -0.0  -0.0  -0.0  -0.0  -0.1  -0.0  -0.0  -0.0  -0.0  -0.0  -0.0  -0.0  -0.0
                 +55 ms   -0.0  -0.0  -0.0  -0.0  -0.0  -0.0
             10   32.80   -0.5      0.00    0.00    0.0      n/a       n/a     n/a    n/a    n/a    n/a     0.00   0.00
                 GR trace -25..+60 ms:
                 -25 ms    0.0   0.0   0.0   0.0   0.0   0.0   0.0   0.0   0.0   0.0   0.0   0.0   0.0   0.0   0.0   0.0   0.0   0.0   0.0   0.0
                  -5 ms    0.0   0.0   0.0   0.0   0.0   0.0   0.0   0.0   0.0   0.0   0.0   0.0   0.0   0.0   0.0   0.0   0.0   0.0   0.0   0.0
                 +15 ms    0.0   0.0   0.0   0.0   0.0   0.0   0.0   0.0   0.0   0.0   0.0   0.0   0.0   0.0   0.0   0.0   0.0   0.0   0.0   0.0
                 +35 ms    0.0   0.0   0.0   0.0   0.0   0.0   0.0   0.0   0.0   0.0   0.0   0.0   0.0   0.0   0.0   0.0   0.0   0.0   0.0   0.0
                 +55 ms    0.0   0.0   0.0   0.0   0.0   0.0
             11   39.93   -3.4      0.00    0.00    0.0      n/a       n/a     n/a    n/a    n/a    n/a     0.00   0.00
                 GR trace -25..+60 ms:
                 -25 ms    0.0   0.0   0.0   0.0   0.0   0.0   0.0   0.0   0.0   0.0   0.0   0.0   0.0   0.0   0.0   0.0   0.0   0.0   0.0   0.0
                  -5 ms    0.0   0.0   0.0   0.0   0.0   0.0   0.0   0.0   0.0   0.0   0.0   0.0   0.0   0.0   0.0   0.0   0.0   0.0   0.0   0.0
                 +15 ms    0.0   0.0   0.0   0.0   0.0   0.0   0.0   0.0   0.0   0.0   0.0   0.0   0.0   0.0   0.0   0.0   0.0   0.0   0.0   0.0
                 +35 ms    0.0   0.0   0.0   0.0   0.0   0.0   0.0   0.0   0.0   0.0   0.0   0.0   0.0   0.0   0.0   0.0   0.0   0.0   0.0   0.0
                 +55 ms    0.0   0.0   0.0   0.0   0.0   0.0
             12   46.43   -6.9      0.00    0.00    0.0      n/a       n/a     n/a    n/a    n/a    n/a     0.00   0.00
                 GR trace -25..+60 ms:
                 -25 ms    0.0   0.0   0.0   0.0   0.0   0.0   0.0   0.0   0.0   0.0   0.0   0.0   0.0   0.0   0.0   0.0   0.0   0.0   0.0   0.0
                  -5 ms    0.0   0.0   0.0   0.0   0.0   0.0   0.0   0.0   0.0   0.0   0.0   0.0   0.0   0.0   0.0   0.0   0.0   0.0   0.0   0.0
                 +15 ms    0.0   0.0   0.0   0.0   0.0   0.0   0.0   0.0   0.0   0.0   0.0   0.0   0.0   0.0   0.0   0.0   0.0   0.0   0.0   0.0
                 +35 ms    0.0   0.0   0.0   0.0   0.0   0.0   0.0   0.0   0.0   0.0   0.0   0.0   0.0   0.0   0.0   0.0   0.0   0.0   0.0   0.0
                 +55 ms    0.0   0.0   0.0   0.0   0.0   0.0
             13   46.90   -4.6      0.00    0.00    0.0      n/a       n/a     n/a    n/a    n/a    n/a     0.00   0.00
                 GR trace -25..+60 ms:
                 -25 ms    0.0   0.0   0.0   0.0   0.0   0.0   0.0   0.0   0.0   0.0   0.0   0.0   0.0   0.0   0.0   0.0   0.0   0.0   0.0   0.0
                  -5 ms    0.0   0.0   0.0   0.0   0.0   0.0   0.0   0.0   0.0   0.0   0.0   0.0   0.0   0.0   0.0   0.0   0.0   0.0   0.0   0.0
                 +15 ms    0.0   0.0   0.0   0.0   0.0   0.0   0.0   0.0   0.0   0.0   0.0   0.0   0.0   0.0   0.0   0.0   0.0   0.0   0.0   0.0
                 +35 ms    0.0   0.0   0.0   0.0   0.0   0.0   0.0   0.0   0.0   0.0   0.0   0.0   0.0   0.0   0.0   0.0   0.0   0.0   0.0   0.0
                 +55 ms    0.0   0.0   0.0   0.0   0.0   0.0
             14   52.34   -0.9      0.00    0.00    0.0      n/a       n/a     n/a    n/a    n/a    n/a     0.00   0.00
                 GR trace -25..+60 ms:
                 -25 ms    0.0   0.0   0.0   0.0   0.0   0.0   0.0   0.0   0.0   0.0   0.0   0.0   0.0   0.0   0.0   0.0   0.0   0.0   0.0   0.0
                  -5 ms    0.0   0.0   0.0   0.0   0.0   0.0   0.0   0.0   0.0   0.0   0.0   0.0   0.0   0.0   0.0   0.0   0.0   0.0   0.0   0.0
                 +15 ms    0.0   0.0   0.0   0.0   0.0   0.0   0.0   0.0   0.0   0.0   0.0   0.0   0.0   0.0   0.0   0.0   0.0   0.0   0.0   0.0
                 +35 ms    0.0   0.0   0.0   0.0   0.0   0.0   0.0   0.0   0.0   0.0   0.0   0.0   0.0   0.0   0.0   0.0   0.0   0.0   0.0   0.0
                 +55 ms    0.0   0.0   0.0   0.0   0.0   0.0
ROW case=fullmix tag=proL2tpOFF aligned=1 offset=496 outI=-12.60 inI=-12.60 tp=0.52 overs=95 grMean=-0.00 grStd=0.01 crestOut=11.2 hits=15 retMed=0.00 t63med=0.3 t90med=0.3 lrStd=0.00

#### case panned_transient: source docs/limiter_ab/renders/source_panned_transient.wav (float32, 48000 Hz, 2 ch, 19.70 s)

== case panned_transient   tag proL2       48000 Hz  945600 frames  offset +0 samples (0.00 ms)  [render 18.3 s longer, tail silent]  corr 1.000 1.000
  gain +8.2 dB  ceiling +0.0 dB
  loudness   in+gain  I -5.41 LUFS  Mmax -3.3  Smax -5.0   |  out  I -5.93 LUFS  Mmax -5.3  Smax -5.7   |  S std 0.21 -> 0.10 LU
  peaks      sample -0.04 dBFS  TRUE PEAK -0.04 dBTP  overs above ceiling+0.05 dB: 0
  dynamics   GR mean -0.28 dB  max -1.40  std 0.45  p2p 1.40  |  crest in 6.4 -> out 4.7 dB  |  L-R GR std 0.11 dB
  hits       12 detected  (layout: 12)
              #    t(s)   over   retained   GRmin   base   pre(ms)   hold(ms)    t10    t50    t63    t90 (ms)   dipL   dipR
              0    1.10    8.2     -8.24   -7.37   -0.0      0.0       0.0     0.3    9.7    9.7    9.7    -7.53  -5.61
                 GR trace -25..+60 ms:
                 -25 ms   -0.0  -0.0  -0.0  -0.0  -0.0  -0.0  -0.0  -0.0  -0.0  -0.0  -0.0  -0.0  -0.0  -0.0  -0.0  -0.0  -0.0  -0.0  -0.0  -0.0
                  -5 ms   -0.0  -0.0  -0.0  -0.0  -0.0  -6.2  -6.8  -6.8  -6.8  -6.8  -6.8  -6.8  -6.8  -6.8  -6.3  -0.6  -0.6  -0.6  -0.6  -0.6
                 +15 ms   -0.6  -0.6  -0.6  -0.6  -0.6  -0.6  -0.6  -0.5  -0.5  -0.5  -0.5  -0.5  -0.5  -0.5  -0.5  -0.5  -0.5  -0.5  -0.5  -0.5
                 +35 ms   -0.5  -0.5  -0.5  -0.5  -0.5  -0.5  -0.5  -0.5  -0.5  -0.5  -0.5  -0.5  -0.5  -0.5  -0.5  -0.5  -0.5  -0.5  -0.5  -0.5
                 +55 ms   -0.5  -0.5  -0.5  -0.5  -0.5  -0.5
              1    2.60    8.2     -8.24   -7.37   -0.0      0.0       0.0     0.3    9.7    9.7    9.7    -7.53  -5.61
                 GR trace -25..+60 ms:
                 -25 ms   -0.0  -0.0  -0.0  -0.0  -0.0  -0.0  -0.0  -0.0  -0.0  -0.0  -0.0  -0.0  -0.0  -0.0  -0.0  -0.0  -0.0  -0.0  -0.0  -0.0
                  -5 ms   -0.0  -0.0  -0.0  -0.0  -0.0  -6.2  -6.8  -6.8  -6.8  -6.8  -6.8  -6.8  -6.8  -6.8  -6.3  -0.6  -0.6  -0.6  -0.6  -0.6
                 +15 ms   -0.6  -0.6  -0.6  -0.6  -0.6  -0.6  -0.6  -0.5  -0.5  -0.5  -0.5  -0.5  -0.5  -0.5  -0.5  -0.5  -0.5  -0.5  -0.5  -0.5
                 +35 ms   -0.5  -0.5  -0.5  -0.5  -0.5  -0.5  -0.5  -0.5  -0.5  -0.5  -0.5  -0.5  -0.5  -0.5  -0.5  -0.5  -0.5  -0.5  -0.5  -0.5
                 +55 ms   -0.5  -0.5  -0.5  -0.5  -0.5  -0.5
              2    4.10    8.2     -8.24   -7.37   -0.0      0.0       0.0     0.3    9.7    9.7    9.7    -7.53  -5.61
                 GR trace -25..+60 ms:
                 -25 ms   -0.0  -0.0  -0.0  -0.0  -0.0  -0.0  -0.0  -0.0  -0.0  -0.0  -0.0  -0.0  -0.0  -0.0  -0.0  -0.0  -0.0  -0.0  -0.0  -0.0
                  -5 ms   -0.0  -0.0  -0.0  -0.0  -0.0  -6.2  -6.8  -6.8  -6.8  -6.8  -6.8  -6.8  -6.8  -6.8  -6.3  -0.6  -0.6  -0.6  -0.6  -0.6
                 +15 ms   -0.6  -0.6  -0.6  -0.6  -0.6  -0.6  -0.6  -0.5  -0.5  -0.5  -0.5  -0.5  -0.5  -0.5  -0.5  -0.5  -0.5  -0.5  -0.5  -0.5
                 +35 ms   -0.5  -0.5  -0.5  -0.5  -0.5  -0.5  -0.5  -0.5  -0.5  -0.5  -0.5  -0.5  -0.5  -0.5  -0.5  -0.5  -0.5  -0.5  -0.5  -0.5
                 +55 ms   -0.5  -0.5  -0.5  -0.5  -0.5  -0.5
              3    5.60    8.2     -8.24   -7.37   -0.0      0.0       0.0     0.3    9.7    9.7    9.7    -7.53  -5.61
                 GR trace -25..+60 ms:
                 -25 ms   -0.0  -0.0  -0.0  -0.0  -0.0  -0.0  -0.0  -0.0  -0.0  -0.0  -0.0  -0.0  -0.0  -0.0  -0.0  -0.0  -0.0  -0.0  -0.0  -0.0
                  -5 ms   -0.0  -0.0  -0.0  -0.0  -0.0  -6.2  -6.8  -6.8  -6.8  -6.8  -6.8  -6.8  -6.8  -6.8  -6.3  -0.6  -0.6  -0.6  -0.6  -0.6
                 +15 ms   -0.6  -0.6  -0.6  -0.6  -0.6  -0.6  -0.6  -0.5  -0.5  -0.5  -0.5  -0.5  -0.5  -0.5  -0.5  -0.5  -0.5  -0.5  -0.5  -0.5
                 +35 ms   -0.5  -0.5  -0.5  -0.5  -0.5  -0.5  -0.5  -0.5  -0.5  -0.5  -0.5  -0.5  -0.5  -0.5  -0.5  -0.5  -0.5  -0.5  -0.5  -0.5
                 +55 ms   -0.5  -0.5  -0.5  -0.5  -0.5  -0.5
              4    7.10    8.2     -8.24   -7.37   -0.0      0.0       0.0     0.3    9.7    9.7    9.7    -7.53  -5.61
                 GR trace -25..+60 ms:
                 -25 ms   -0.0  -0.0  -0.0  -0.0  -0.0  -0.0  -0.0  -0.0  -0.0  -0.0  -0.0  -0.0  -0.0  -0.0  -0.0  -0.0  -0.0  -0.0  -0.0  -0.0
                  -5 ms   -0.0  -0.0  -0.0  -0.0  -0.0  -6.2  -6.8  -6.8  -6.8  -6.8  -6.8  -6.8  -6.8  -6.8  -6.3  -0.6  -0.6  -0.6  -0.6  -0.6
                 +15 ms   -0.6  -0.6  -0.6  -0.6  -0.6  -0.6  -0.6  -0.5  -0.5  -0.5  -0.5  -0.5  -0.5  -0.5  -0.5  -0.5  -0.5  -0.5  -0.5  -0.5
                 +35 ms   -0.5  -0.5  -0.5  -0.5  -0.5  -0.5  -0.5  -0.5  -0.5  -0.5  -0.5  -0.5  -0.5  -0.5  -0.5  -0.5  -0.5  -0.5  -0.5  -0.5
                 +55 ms   -0.5  -0.5  -0.5  -0.5  -0.5  -0.5
              5    8.60    8.2     -8.24   -7.37   -0.0      0.0       0.0     0.3    9.7    9.7    9.7    -7.53  -5.61
                 GR trace -25..+60 ms:
                 -25 ms   -0.0  -0.0  -0.0  -0.0  -0.0  -0.0  -0.0  -0.0  -0.0  -0.0  -0.0  -0.0  -0.0  -0.0  -0.0  -0.0  -0.0  -0.0  -0.0  -0.0
                  -5 ms   -0.0  -0.0  -0.0  -0.0  -0.0  -6.2  -6.8  -6.8  -6.8  -6.8  -6.8  -6.8  -6.8  -6.8  -6.3  -0.6  -0.6  -0.6  -0.6  -0.6
                 +15 ms   -0.6  -0.6  -0.6  -0.6  -0.6  -0.6  -0.6  -0.5  -0.5  -0.5  -0.5  -0.5  -0.5  -0.5  -0.5  -0.5  -0.5  -0.5  -0.5  -0.5
                 +35 ms   -0.5  -0.5  -0.5  -0.5  -0.5  -0.5  -0.5  -0.5  -0.5  -0.5  -0.5  -0.5  -0.5  -0.5  -0.5  -0.5  -0.5  -0.5  -0.5  -0.5
                 +55 ms   -0.5  -0.5  -0.5  -0.5  -0.5  -0.5
              6   10.10    8.2     -8.24   -7.37   -0.0      0.0       0.0     0.3    9.7    9.7    9.7    -7.53  -5.61
                 GR trace -25..+60 ms:
                 -25 ms   -0.0  -0.0  -0.0  -0.0  -0.0  -0.0  -0.0  -0.0  -0.0  -0.0  -0.0  -0.0  -0.0  -0.0  -0.0  -0.0  -0.0  -0.0  -0.0  -0.0
                  -5 ms   -0.0  -0.0  -0.0  -0.0  -0.0  -6.2  -6.8  -6.8  -6.8  -6.8  -6.8  -6.8  -6.8  -6.8  -6.3  -0.6  -0.6  -0.6  -0.6  -0.6
                 +15 ms   -0.6  -0.6  -0.6  -0.6  -0.6  -0.6  -0.6  -0.5  -0.5  -0.5  -0.5  -0.5  -0.5  -0.5  -0.5  -0.5  -0.5  -0.5  -0.5  -0.5
                 +35 ms   -0.5  -0.5  -0.5  -0.5  -0.5  -0.5  -0.5  -0.5  -0.5  -0.5  -0.5  -0.5  -0.5  -0.5  -0.5  -0.5  -0.5  -0.5  -0.5  -0.5
                 +55 ms   -0.5  -0.5  -0.5  -0.5  -0.5  -0.5
              7   11.60    8.2     -8.24   -7.37   -0.0      0.0       0.0     0.3    9.7    9.7    9.7    -7.53  -5.61
                 GR trace -25..+60 ms:
                 -25 ms   -0.0  -0.0  -0.0  -0.0  -0.0  -0.0  -0.0  -0.0  -0.0  -0.0  -0.0  -0.0  -0.0  -0.0  -0.0  -0.0  -0.0  -0.0  -0.0  -0.0
                  -5 ms   -0.0  -0.0  -0.0  -0.0  -0.0  -6.2  -6.8  -6.8  -6.8  -6.8  -6.8  -6.8  -6.8  -6.8  -6.3  -0.6  -0.6  -0.6  -0.6  -0.6
                 +15 ms   -0.6  -0.6  -0.6  -0.6  -0.6  -0.6  -0.6  -0.5  -0.5  -0.5  -0.5  -0.5  -0.5  -0.5  -0.5  -0.5  -0.5  -0.5  -0.5  -0.5
                 +35 ms   -0.5  -0.5  -0.5  -0.5  -0.5  -0.5  -0.5  -0.5  -0.5  -0.5  -0.5  -0.5  -0.5  -0.5  -0.5  -0.5  -0.5  -0.5  -0.5  -0.5
                 +55 ms   -0.5  -0.5  -0.5  -0.5  -0.5  -0.5
              8   13.10    8.2     -8.24   -7.53   -0.0      0.0       0.0     0.3    9.7    9.7    9.7    -7.53  -7.53
                 GR trace -25..+60 ms:
                 -25 ms   -0.0  -0.0  -0.0  -0.0  -0.0  -0.0  -0.0  -0.0  -0.0  -0.0  -0.0  -0.0  -0.0  -0.0  -0.0  -0.0  -0.0  -0.0  -0.0  -0.0
                  -5 ms   -0.0  -0.0  -0.0  -0.0  -0.0  -6.5  -6.9  -6.9  -6.9  -6.9  -6.9  -6.9  -6.9  -6.9  -6.5  -0.6  -0.6  -0.6  -0.6  -0.6
                 +15 ms   -0.6  -0.6  -0.6  -0.6  -0.6  -0.5  -0.5  -0.5  -0.5  -0.5  -0.5  -0.5  -0.5  -0.5  -0.5  -0.5  -0.5  -0.5  -0.5  -0.5
                 +35 ms   -0.5  -0.5  -0.5  -0.5  -0.5  -0.5  -0.5  -0.5  -0.5  -0.5  -0.5  -0.5  -0.5  -0.5  -0.5  -0.5  -0.5  -0.5  -0.5  -0.5
                 +55 ms   -0.5  -0.5  -0.5  -0.5  -0.5  -0.4
              9   14.60    8.2     -8.24   -7.53   -0.0      0.0       0.0     0.3    9.7    9.7    9.7    -7.53  -7.53
                 GR trace -25..+60 ms:
                 -25 ms   -0.0  -0.0  -0.0  -0.0  -0.0  -0.0  -0.0  -0.0  -0.0  -0.0  -0.0  -0.0  -0.0  -0.0  -0.0  -0.0  -0.0  -0.0  -0.0  -0.0
                  -5 ms   -0.0  -0.0  -0.0  -0.0  -0.0  -6.5  -6.9  -6.9  -6.9  -6.9  -6.9  -6.9  -6.9  -6.9  -6.5  -0.6  -0.6  -0.6  -0.6  -0.6
                 +15 ms   -0.6  -0.6  -0.6  -0.6  -0.6  -0.5  -0.5  -0.5  -0.5  -0.5  -0.5  -0.5  -0.5  -0.5  -0.5  -0.5  -0.5  -0.5  -0.5  -0.5
                 +35 ms   -0.5  -0.5  -0.5  -0.5  -0.5  -0.5  -0.5  -0.5  -0.5  -0.5  -0.5  -0.5  -0.5  -0.5  -0.5  -0.5  -0.5  -0.5  -0.5  -0.5
                 +55 ms   -0.5  -0.5  -0.5  -0.5  -0.5  -0.4
             10   16.10    8.2     -8.24   -7.53   -0.0      0.0       0.0     0.3    9.7    9.7    9.7    -7.53  -7.53
                 GR trace -25..+60 ms:
                 -25 ms   -0.0  -0.0  -0.0  -0.0  -0.0  -0.0  -0.0  -0.0  -0.0  -0.0  -0.0  -0.0  -0.0  -0.0  -0.0  -0.0  -0.0  -0.0  -0.0  -0.0
                  -5 ms   -0.0  -0.0  -0.0  -0.0  -0.0  -6.5  -6.9  -6.9  -6.9  -6.9  -6.9  -6.9  -6.9  -6.9  -6.5  -0.6  -0.6  -0.6  -0.6  -0.6
                 +15 ms   -0.6  -0.6  -0.6  -0.6  -0.6  -0.5  -0.5  -0.5  -0.5  -0.5  -0.5  -0.5  -0.5  -0.5  -0.5  -0.5  -0.5  -0.5  -0.5  -0.5
                 +35 ms   -0.5  -0.5  -0.5  -0.5  -0.5  -0.5  -0.5  -0.5  -0.5  -0.5  -0.5  -0.5  -0.5  -0.5  -0.5  -0.5  -0.5  -0.5  -0.5  -0.5
                 +55 ms   -0.5  -0.5  -0.5  -0.5  -0.5  -0.4
             11   17.60    8.2     -8.24   -7.53   -0.0      0.0       0.0     0.3    9.7    9.7    9.7    -7.53  -7.53
                 GR trace -25..+60 ms:
                 -25 ms   -0.0  -0.0  -0.0  -0.0  -0.0  -0.0  -0.0  -0.0  -0.0  -0.0  -0.0  -0.0  -0.0  -0.0  -0.0  -0.0  -0.0  -0.0  -0.0  -0.0
                  -5 ms   -0.0  -0.0  -0.0  -0.0  -0.0  -6.5  -6.9  -6.9  -6.9  -6.9  -6.9  -6.9  -6.9  -6.9  -6.5  -0.6  -0.6  -0.6  -0.6  -0.6
                 +15 ms   -0.6  -0.6  -0.6  -0.6  -0.6  -0.5  -0.5  -0.5  -0.5  -0.5  -0.5  -0.5  -0.5  -0.5  -0.5  -0.5  -0.5  -0.5  -0.5  -0.5
                 +35 ms   -0.5  -0.5  -0.5  -0.5  -0.5  -0.5  -0.5  -0.5  -0.5  -0.5  -0.5  -0.5  -0.5  -0.5  -0.5  -0.5  -0.5  -0.5  -0.5  -0.5
                 +55 ms   -0.5  -0.5  -0.5  -0.5  -0.5  -0.4
ROW case=panned_transient tag=proL2 aligned=1 offset=0 outI=-5.93 inI=-5.41 tp=-0.04 overs=0 grMean=-0.28 grStd=0.45 crestOut=4.7 hits=12 retMed=-8.24 t63med=9.7 t90med=9.7 lrStd=0.11

#### case probe_transients: source docs/limiter_ab/renders/source_probe_transients.wav (float32, 48000 Hz, 2 ch, 36.70 s)

== case probe_transients   tag proL2       48000 Hz  1761600 frames  offset +0 samples (0.00 ms)  [render 1.3 s longer, tail silent]  corr 1.000 1.000
  gain +8.2 dB  ceiling +0.0 dB
  loudness   in+gain  I -1.95 LUFS  Mmax 9.5  Smax 4.9   |  out  I -4.65 LUFS  Mmax 2.6  Smax -1.1   |  S std 3.29 -> 1.49 LU
  peaks      sample -0.04 dBFS  TRUE PEAK -0.04 dBTP  overs above ceiling+0.05 dB: 0
  dynamics   GR mean -0.57 dB  max -6.92  std 1.53  p2p 6.92  |  crest in 4.7 -> out 4.0 dB  |  L-R GR std 0.00 dB
  hits       14 detected  (layout: 14)
              #    t(s)   over   retained   GRmin   base   pre(ms)   hold(ms)    t10    t50    t63    t90 (ms)   dipL   dipR
              0    1.10    8.2     -8.24   -6.82   -0.0      0.3       0.0     0.3    0.3    0.3    0.3    -6.82  -6.82
                 GR trace -25..+60 ms:
                 -25 ms   -0.0  -0.0  -0.0  -0.0  -0.0  -0.0  -0.0  -0.0  -0.0  -0.0  -0.0  -0.0  -0.0  -0.0  -0.0  -0.0  -0.0  -0.0  -0.0  -0.0
                  -5 ms   -0.0  -0.0  -0.0  -0.0  -0.7  -3.1  -0.0  -0.0  -0.0  -0.0  -0.0  -0.0  -0.0  -0.0  -0.0  -0.0  -0.0  -0.0  -0.0  -0.0
                 +15 ms   -0.0  -0.0  -0.0  -0.0  -0.0  -0.0  -0.0  -0.0  -0.0  -0.0  -0.0  -0.0  -0.0  -0.0  -0.0  -0.0  -0.0  -0.0  -0.0  -0.0
                 +35 ms   -0.0  -0.0  -0.0  -0.0  -0.0  -0.0  -0.0  -0.0  -0.0  -0.0  -0.0  -0.0  -0.0  -0.0  -0.0  -0.0  -0.0  -0.0  -0.0  -0.0
                 +55 ms   -0.0  -0.0  -0.0  -0.0  -0.0  -0.0
              1    3.60    8.2     -8.35   -7.95   -0.0      0.0       0.0     0.3    0.7    0.7    0.7    -7.95  -7.95
                 GR trace -25..+60 ms:
                 -25 ms   -0.0  -0.0  -0.0  -0.0  -0.0  -0.0  -0.0  -0.0  -0.0  -0.0  -0.0  -0.0  -0.0  -0.0  -0.0  -0.0  -0.0  -0.0  -0.0  -0.0
                  -5 ms   -0.0  -0.0  -0.0  -0.0  -0.1  -6.8  -0.0  -0.0  -0.0  -0.0  -0.0  -0.0  -0.0  -0.0  -0.0  -0.0  -0.0  -0.0  -0.0  -0.0
                 +15 ms   -0.0  -0.0  -0.0  -0.0  -0.0  -0.0  -0.0  -0.0  -0.0  -0.0  -0.0  -0.0  -0.0  -0.0  -0.0  -0.0  -0.0  -0.0  -0.0  -0.0
                 +35 ms   -0.0  -0.0  -0.0  -0.0  -0.0  -0.0  -0.0  -0.0  -0.0  -0.0  -0.0  -0.0  -0.0  -0.0  -0.0  -0.0  -0.0  -0.0  -0.0  -0.0
                 +55 ms   -0.0  -0.0  -0.0  -0.0  -0.0  -0.0
              2    6.10    8.2     -8.24   -7.53   -0.0      0.0       0.0     0.3    1.7    1.7    1.7    -7.53  -7.53
                 GR trace -25..+60 ms:
                 -25 ms   -0.0  -0.0  -0.0  -0.0  -0.0  -0.0  -0.0  -0.0  -0.0  -0.0  -0.0  -0.0  -0.0  -0.0  -0.0  -0.0  -0.0  -0.0  -0.0  -0.0
                  -5 ms   -0.0  -0.0  -0.0  -0.0  -0.0  -6.5  -6.5  -0.1  -0.1  -0.1  -0.1  -0.1  -0.1  -0.1  -0.1  -0.1  -0.1  -0.1  -0.1  -0.1
                 +15 ms   -0.1  -0.1  -0.1  -0.1  -0.1  -0.1  -0.1  -0.1  -0.1  -0.1  -0.1  -0.1  -0.1  -0.1  -0.1  -0.1  -0.1  -0.1  -0.1  -0.1
                 +35 ms   -0.1  -0.1  -0.1  -0.1  -0.1  -0.1  -0.1  -0.1  -0.1  -0.1  -0.1  -0.1  -0.1  -0.1  -0.1  -0.1  -0.1  -0.1  -0.1  -0.1
                 +55 ms   -0.1  -0.1  -0.1  -0.1  -0.1  -0.1
              3    8.60    8.2     -8.24   -7.53   -0.0      0.0       0.0     0.3    9.7    9.7    9.7    -7.53  -7.53
                 GR trace -25..+60 ms:
                 -25 ms   -0.0  -0.0  -0.0  -0.0  -0.0  -0.0  -0.0  -0.0  -0.0  -0.0  -0.0  -0.0  -0.0  -0.0  -0.0  -0.0  -0.0  -0.0  -0.0  -0.0
                  -5 ms   -0.0  -0.0  -0.0  -0.0  -0.0  -6.5  -6.9  -6.9  -6.9  -6.9  -6.9  -6.9  -6.9  -6.9  -6.5  -0.6  -0.6  -0.6  -0.6  -0.6
                 +15 ms   -0.6  -0.6  -0.6  -0.6  -0.6  -0.5  -0.5  -0.5  -0.5  -0.5  -0.5  -0.5  -0.5  -0.5  -0.5  -0.5  -0.5  -0.5  -0.5  -0.5
                 +35 ms   -0.5  -0.5  -0.5  -0.5  -0.5  -0.5  -0.5  -0.5  -0.5  -0.5  -0.5  -0.5  -0.5  -0.5  -0.5  -0.5  -0.5  -0.5  -0.5  -0.5
                 +55 ms   -0.5  -0.5  -0.5  -0.5  -0.5  -0.4
              4   11.10    8.2     -8.24   -7.53   -0.0      0.0       0.0     0.3   49.7   49.7  252.3    -7.53  -7.53
                 GR trace -25..+60 ms:
                 -25 ms   -0.0  -0.0  -0.0  -0.0  -0.0  -0.0  -0.0  -0.0  -0.0  -0.0  -0.0  -0.0  -0.0  -0.0  -0.0  -0.0  -0.0  -0.0  -0.0  -0.0
                  -5 ms   -0.0  -0.0  -0.0  -0.0  -0.0  -6.5  -6.9  -6.9  -6.9  -6.9  -6.9  -6.9  -6.9  -6.9  -6.9  -6.9  -6.9  -6.9  -6.9  -6.9
                 +15 ms   -6.9  -6.9  -6.9  -6.9  -6.9  -6.9  -6.9  -6.9  -6.9  -6.9  -6.9  -6.9  -6.9  -6.9  -6.9  -6.9  -6.9  -6.9  -6.9  -6.9
                 +35 ms   -6.9  -6.9  -6.9  -6.9  -6.9  -6.9  -6.9  -6.9  -6.9  -6.9  -6.9  -6.9  -6.9  -6.9  -6.6  -2.3  -2.3  -2.3  -2.3  -2.3
                 +55 ms   -2.2  -2.2  -2.2  -2.2  -2.2  -2.2
              5   13.60    8.2     -8.24   -7.53   -0.0      0.0       0.0     0.3  230.7  280.3  509.0    -7.53  -7.53
                 GR trace -25..+60 ms:
                 -25 ms   -0.0  -0.0  -0.0  -0.0  -0.0  -0.0  -0.0  -0.0  -0.0  -0.0  -0.0  -0.0  -0.0  -0.0  -0.0  -0.0  -0.0  -0.0  -0.0  -0.0
                  -5 ms   -0.0  -0.0  -0.0  -0.0  -0.0  -6.5  -6.9  -6.9  -6.9  -6.9  -6.9  -6.9  -6.9  -6.9  -6.9  -6.9  -6.9  -6.9  -6.9  -6.9
                 +15 ms   -6.9  -6.9  -6.9  -6.9  -6.9  -6.9  -6.9  -6.9  -6.9  -6.9  -6.9  -6.9  -6.9  -6.9  -6.9  -6.9  -6.9  -6.9  -6.9  -6.9
                 +35 ms   -6.9  -6.9  -6.9  -6.9  -6.9  -6.9  -6.9  -6.9  -6.9  -6.9  -6.9  -6.9  -6.9  -6.9  -6.9  -6.9  -6.9  -6.9  -6.9  -6.9
                 +55 ms   -6.9  -6.9  -6.9  -6.9  -6.9  -6.9
              6   16.10    8.2     -8.24   -7.53   -0.0      0.0       0.0     0.3 1043.7 1093.0 1321.3    -7.53  -7.53
                 GR trace -25..+60 ms:
                 -25 ms   -0.0  -0.0  -0.0  -0.0  -0.0  -0.0  -0.0  -0.0  -0.0  -0.0  -0.0  -0.0  -0.0  -0.0  -0.0  -0.0  -0.0  -0.0  -0.0  -0.0
                  -5 ms   -0.0  -0.0  -0.0  -0.0  -0.0  -6.5  -6.9  -6.9  -6.9  -6.9  -6.9  -6.9  -6.9  -6.9  -6.9  -6.9  -6.9  -6.9  -6.9  -6.9
                 +15 ms   -6.9  -6.9  -6.9  -6.9  -6.9  -6.9  -6.9  -6.9  -6.9  -6.9  -6.9  -6.9  -6.9  -6.9  -6.9  -6.9  -6.9  -6.9  -6.9  -6.9
                 +35 ms   -6.9  -6.9  -6.9  -6.9  -6.9  -6.9  -6.9  -6.9  -6.9  -6.9  -6.9  -6.9  -6.9  -6.9  -6.9  -6.9  -6.9  -6.9  -6.9  -6.9
                 +55 ms   -6.9  -6.9  -6.9  -6.9  -6.9  -6.9
              7   18.60    4.0     -4.04   -3.14   -0.0      0.3       0.0     0.3    0.3    0.3    0.3    -3.14  -3.14
                 GR trace -25..+60 ms:
                 -25 ms   -0.0  -0.0  -0.0  -0.0  -0.0  -0.0  -0.0  -0.0  -0.0  -0.0  -0.0  -0.0  -0.0  -0.0  -0.0  -0.0  -0.0  -0.0  -0.0  -0.0
                  -5 ms   -0.0  -0.0  -0.0  -0.0  -0.5  -1.2  -0.0  -0.0  -0.0  -0.0  -0.0  -0.0  -0.0  -0.0  -0.0  -0.0  -0.0  -0.0  -0.0  -0.0
                 +15 ms   -0.0  -0.0  -0.0  -0.0  -0.0  -0.0  -0.0  -0.0  -0.0  -0.0  -0.0  -0.0  -0.0  -0.0  -0.0  -0.0  -0.0  -0.0  -0.0  -0.0
                 +35 ms   -0.0  -0.0  -0.0  -0.0  -0.0  -0.0  -0.0  -0.0  -0.0  -0.0  -0.0  -0.0  -0.0  -0.0  -0.0  -0.0  -0.0  -0.0  -0.0  -0.0
                 +55 ms   -0.0  -0.0  -0.0  -0.0  -0.0  -0.0
              8   21.10    4.0     -4.20   -3.81   -0.0      0.0       0.0     0.3    0.7    0.7    0.7    -3.81  -3.81
                 GR trace -25..+60 ms:
                 -25 ms   -0.0  -0.0  -0.0  -0.0  -0.0  -0.0  -0.0  -0.0  -0.0  -0.0  -0.0  -0.0  -0.0  -0.0  -0.0  -0.0  -0.0  -0.0  -0.0  -0.0
                  -5 ms   -0.0  -0.0  -0.0  -0.0  -0.0  -3.0  -0.0  -0.0  -0.0  -0.0  -0.0  -0.0  -0.0  -0.0  -0.0  -0.0  -0.0  -0.0  -0.0  -0.0
                 +15 ms   -0.0  -0.0  -0.0  -0.0  -0.0  -0.0  -0.0  -0.0  -0.0  -0.0  -0.0  -0.0  -0.0  -0.0  -0.0  -0.0  -0.0  -0.0  -0.0  -0.0
                 +35 ms   -0.0  -0.0  -0.0  -0.0  -0.0  -0.0  -0.0  -0.0  -0.0  -0.0  -0.0  -0.0  -0.0  -0.0  -0.0  -0.0  -0.0  -0.0  -0.0  -0.0
                 +55 ms   -0.0  -0.0  -0.0  -0.0  -0.0  -0.0
              9   23.60    4.0     -4.04   -3.50   -0.0      0.0       0.0     0.3    1.3    1.3    1.3    -3.50  -3.50
                 GR trace -25..+60 ms:
                 -25 ms   -0.0  -0.0  -0.0  -0.0  -0.0  -0.0  -0.0  -0.0  -0.0  -0.0  -0.0  -0.0  -0.0  -0.0  -0.0  -0.0  -0.0  -0.0  -0.0  -0.0
                  -5 ms   -0.0  -0.0  -0.0  -0.0  -0.0  -2.3  -2.4  -0.0  -0.0  -0.0  -0.0  -0.0  -0.0  -0.0  -0.0  -0.0  -0.0  -0.0  -0.0  -0.0
                 +15 ms   -0.0  -0.0  -0.0  -0.0  -0.0  -0.0  -0.0  -0.0  -0.0  -0.0  -0.0  -0.0  -0.0  -0.0  -0.0  -0.0  -0.0  -0.0  -0.0  -0.0
                 +35 ms   -0.0  -0.0  -0.0  -0.0  -0.0  -0.0  -0.0  -0.0  -0.0  -0.0  -0.0  -0.0  -0.0  -0.0  -0.0  -0.0  -0.0  -0.0  -0.0  -0.0
                 +55 ms   -0.0  -0.0  -0.0  -0.0  -0.0  -0.0
             10   26.10    4.0     -4.04   -3.51   -0.0      0.0       0.0     0.3    9.3    9.3    9.3    -3.51  -3.51
                 GR trace -25..+60 ms:
                 -25 ms   -0.0  -0.0  -0.0  -0.0  -0.0  -0.0  -0.0  -0.0  -0.0  -0.0  -0.0  -0.0  -0.0  -0.0  -0.0  -0.0  -0.0  -0.0  -0.0  -0.0
                  -5 ms   -0.0  -0.0  -0.0  -0.0  -0.0  -2.3  -2.8  -2.8  -2.8  -2.8  -2.8  -2.8  -2.8  -2.8  -2.5  -0.1  -0.1  -0.1  -0.1  -0.1
                 +15 ms   -0.1  -0.1  -0.1  -0.1  -0.1  -0.1  -0.1  -0.1  -0.1  -0.1  -0.1  -0.1  -0.1  -0.1  -0.1  -0.1  -0.1  -0.1  -0.1  -0.1
                 +35 ms   -0.1  -0.1  -0.1  -0.1  -0.1  -0.1  -0.1  -0.1  -0.1  -0.1  -0.1  -0.1  -0.1  -0.1  -0.1  -0.1  -0.1  -0.1  -0.1  -0.1
                 +55 ms   -0.1  -0.1  -0.1  -0.1  -0.1  -0.1
             11   28.60    4.0     -4.04   -3.55   -0.0      0.0       0.0     0.3   47.3   47.3  159.0    -3.55  -3.55
                 GR trace -25..+60 ms:
                 -25 ms   -0.0  -0.0  -0.0  -0.0  -0.0  -0.0  -0.0  -0.0  -0.0  -0.0  -0.0  -0.0  -0.0  -0.0  -0.0  -0.0  -0.0  -0.0  -0.0  -0.0
                  -5 ms   -0.0  -0.0  -0.0  -0.0  -0.0  -2.3  -2.8  -2.8  -2.8  -2.8  -2.8  -2.8  -2.8  -2.8  -2.8  -2.8  -2.8  -2.8  -2.8  -2.8
                 +15 ms   -2.8  -2.8  -2.9  -2.9  -2.9  -2.9  -2.9  -2.9  -2.9  -2.9  -2.9  -2.9  -2.9  -2.9  -2.9  -2.9  -2.9  -2.9  -2.9  -2.9
                 +35 ms   -2.9  -2.9  -2.9  -2.9  -2.9  -3.0  -3.0  -3.0  -3.0  -3.0  -3.0  -3.0  -3.0  -3.0  -2.7  -0.6  -0.6  -0.6  -0.6  -0.6
                 +55 ms   -0.6  -0.6  -0.6  -0.6  -0.6  -0.6
             12   31.10    4.0     -4.04   -3.55   -0.0      0.0       0.0     0.3  197.3  224.0  464.3    -3.55  -3.55
                 GR trace -25..+60 ms:
                 -25 ms   -0.0  -0.0  -0.0  -0.0  -0.0  -0.0  -0.0  -0.0  -0.0  -0.0  -0.0  -0.0  -0.0  -0.0  -0.0  -0.0  -0.0  -0.0  -0.0  -0.0
                  -5 ms   -0.0  -0.0  -0.0  -0.0  -0.0  -2.3  -2.8  -2.8  -2.8  -2.8  -2.8  -2.8  -2.8  -2.8  -2.8  -2.8  -2.8  -2.8  -2.8  -2.8
                 +15 ms   -2.8  -2.8  -2.9  -2.9  -2.9  -2.9  -2.9  -2.9  -2.9  -2.9  -2.9  -2.9  -2.9  -2.9  -2.9  -2.9  -2.9  -2.9  -2.9  -2.9
                 +35 ms   -2.9  -2.9  -2.9  -2.9  -2.9  -3.0  -3.0  -3.0  -3.0  -3.0  -3.0  -3.0  -3.0  -3.0  -3.0  -3.0  -3.0  -3.0  -3.0  -3.0
                 +55 ms   -3.0  -3.0  -3.0  -3.0  -3.0  -3.0
             13   33.60    4.0     -4.04   -3.55   -0.0      0.0       0.0     0.3  999.7 1056.0 1295.3    -3.55  -3.55
                 GR trace -25..+60 ms:
                 -25 ms   -0.0  -0.0  -0.0  -0.0  -0.0  -0.0  -0.0  -0.0  -0.0  -0.0  -0.0  -0.0  -0.0  -0.0  -0.0  -0.0  -0.0  -0.0  -0.0  -0.0
                  -5 ms   -0.0  -0.0  -0.0  -0.0  -0.0  -2.3  -2.8  -2.8  -2.8  -2.8  -2.8  -2.8  -2.8  -2.8  -2.8  -2.8  -2.8  -2.8  -2.8  -2.8
                 +15 ms   -2.8  -2.8  -2.9  -2.9  -2.9  -2.9  -2.9  -2.9  -2.9  -2.9  -2.9  -2.9  -2.9  -2.9  -2.9  -2.9  -2.9  -2.9  -2.9  -2.9
                 +35 ms   -2.9  -2.9  -2.9  -2.9  -2.9  -3.0  -3.0  -3.0  -3.0  -3.0  -3.0  -3.0  -3.0  -3.0  -3.0  -3.0  -3.0  -3.0  -3.0  -3.0
                 +55 ms   -3.0  -3.0  -3.0  -3.0  -3.0  -3.0
ROW case=probe_transients tag=proL2 aligned=1 offset=0 outI=-4.65 inI=-1.95 tp=-0.04 overs=0 grMean=-0.57 grStd=1.53 crestOut=4.0 hits=14 retMed=-6.22 t63med=9.5 t90med=9.5 lrStd=0.00

#### case tone_50: source docs/limiter_ab/renders/source_tone_50.wav (float32, 48000 Hz, 2 ch, 25.20 s)

== case tone_50            tag proL2       48000 Hz  1209600 frames  offset +0 samples (0.00 ms)  [render 12.8 s longer, tail silent]  corr 1.000 1.000
  gain +8.2 dB  ceiling +0.0 dB
  loudness   in+gain  I 0.20 LUFS  Mmax 3.5  Smax 3.5   |  out  I -4.14 LUFS  Mmax -3.5  Smax -3.6   |  S std 2.82 -> 0.47 LU
  peaks      sample -0.04 dBFS  TRUE PEAK -0.04 dBTP  overs above ceiling+0.05 dB: 0
  dynamics   GR mean -3.21 dB  max -7.16  std 2.70  p2p 7.16  |  crest in 3.4 -> out 2.7 dB  |  L-R GR std 0.00 dB
  tone       seg  file dB   out RMS   GR steady   fund    THD     THD+N   h2     h3     h4     h5   | imd 1k   2k   18k   21k
              0    -8.2      -3.0     -0.01       3.0   -63.5   -60.6 -118.0  -69.1 -126.0  -69.3  |    n/a    n/a    n/a    n/a
              1    -5.2      -2.4     -2.15       3.6   -25.2   -25.1 -117.9  -26.6 -126.1  -31.4  |    n/a    n/a    n/a    n/a
              2    -2.2      -2.1     -4.71       3.9   -21.2   -21.2 -117.8  -21.9 -126.5  -30.1  |    n/a    n/a    n/a    n/a
              3    +0.0      -2.0     -6.68       4.0   -19.6   -19.5 -117.8  -20.0 -126.7  -30.7  |    n/a    n/a    n/a    n/a
              4    -2.2      -2.1     -4.71       3.9   -21.2   -21.2 -117.8  -21.9 -126.5  -30.1  |    n/a    n/a    n/a    n/a
              5    -8.2      -3.0     -0.01       3.0   -63.5   -60.6 -118.0  -69.1 -126.0  -69.3  |    n/a    n/a    n/a    n/a
  steps      t(s)   GR from -> to     t10    t50    t90 (ms)
               4.6    -0.01 ->  -2.15      2.0    3.0    3.0
               8.6    -2.15 ->  -4.71    -26.0    3.0    3.0
              12.6    -4.71 ->  -6.68    -27.0  -26.0    3.0
              16.6    -6.68 ->  -4.71    -30.0   11.0   71.0
              20.6    -4.71 ->  -0.01    -30.0   92.0  379.0
ROW case=tone_50 tag=proL2 aligned=1 offset=0 outI=-4.14 inI=0.20 tp=-0.04 overs=0 grMean=-3.21 grStd=2.70 crestOut=2.7 hits=0 retMed=  n/a t63med=  n/a t90med=  n/a lrStd=0.00 thdMax=-19.6 thdnMax=-19.5

#### case tone_997: source docs/limiter_ab/renders/source_tone_997.wav (float32, 48000 Hz, 2 ch, 25.20 s)

== case tone_997           tag proL2       48000 Hz  1209600 frames  offset +0 samples (0.00 ms)  [render 12.8 s longer, tail silent]  corr 1.000 1.000
  gain +8.2 dB  ceiling +0.0 dB
  loudness   in+gain  I 4.84 LUFS  Mmax 8.2  Smax 8.2   |  out  I 0.01 LUFS  Mmax 0.2  Smax 0.2   |  S std 2.82 -> 0.21 LU
  peaks      sample -0.04 dBFS  TRUE PEAK -0.02 dBTP  overs above ceiling+0.05 dB: 0
  dynamics   GR mean -3.65 dB  max -7.97  std 3.01  p2p 7.97  |  crest in 3.4 -> out 3.2 dB  |  L-R GR std 0.00 dB
  tone       seg  file dB   out RMS   GR steady   fund    THD     THD+N   h2     h3     h4     h5   | imd 1k   2k   18k   21k
              0    -8.2      -3.0     -0.03       3.0   -61.5   -61.3 -146.2  -61.5 -156.7  -80.2  |    n/a    n/a    n/a    n/a
              1    -5.2      -2.9     -2.85       3.2   -30.8   -30.8 -145.5  -31.0 -155.3  -44.3  |    n/a    n/a    n/a    n/a
              2    -2.2      -2.8     -5.79       3.2   -27.8   -27.8 -145.0  -28.2 -154.4  -38.3  |    n/a    n/a    n/a    n/a
              3    +0.0      -2.8     -7.97       3.2   -26.6   -26.6 -145.4  -27.1 -154.1  -36.1  |    n/a    n/a    n/a    n/a
              4    -2.2      -2.8     -5.79       3.2   -27.8   -27.8 -145.0  -28.2 -154.4  -38.3  |    n/a    n/a    n/a    n/a
              5    -8.2      -3.0     -0.03       3.0   -61.5   -61.3 -146.2  -61.6 -156.7  -80.2  |    n/a    n/a    n/a    n/a
  steps      t(s)   GR from -> to     t10    t50    t90 (ms)
               4.6    -0.03 ->  -2.85      0.0    0.0    0.0
               8.6    -2.85 ->  -5.79      0.0    0.0    0.0
              12.6    -5.79 ->  -7.97      0.0    0.0    0.0
              16.6    -7.97 ->  -5.79      0.0    0.0   11.0
              20.6    -5.79 ->  -0.03      0.0   64.0  343.0
ROW case=tone_997 tag=proL2 aligned=1 offset=0 outI=0.01 inI=4.84 tp=-0.02 overs=0 grMean=-3.65 grStd=3.01 crestOut=3.2 hits=0 retMed=  n/a t63med=  n/a t90med=  n/a lrStd=0.00 thdMax=-26.6 thdnMax=-26.6

#### case tone_imd: source docs/limiter_ab/renders/source_tone_imd.wav (float32, 48000 Hz, 2 ch, 13.20 s)

== case tone_imd           tag proL2       48000 Hz  633600 frames  offset +0 samples (0.00 ms)  [render 24.8 s longer, tail silent]  corr 1.000 0.997
  gain +8.2 dB  ceiling +0.0 dB
  loudness   in+gain  I 7.43 LUFS  Mmax 8.5  Smax 8.5   |  out  I 0.80 LUFS  Mmax 1.0  Smax 0.9   |  S std 1.01 -> 0.20 LU
  peaks      sample -0.22 dBFS  TRUE PEAK 0.08 dBTP  overs above ceiling+0.05 dB: 4  (worst at 0.60 s)
  dynamics   GR mean -6.22 dB  max -7.57  std 1.64  p2p 7.57  |  crest in 6.1 -> out 5.5 dB  |  L-R GR std 0.00 dB
  tone       seg  file dB   out RMS   GR steady   fund    THD     THD+N   h2     h3     h4     h5   | imd 1k   2k   18k   21k
              0    -2.2      -5.5     -5.44       0.5     n/a   -22.3      -      -      -      -  |  -87.5  -92.8  -25.5  -25.4
              1    +0.0      -5.4     -7.57       0.6     n/a   -20.9      -      -      -      -  |  -88.2  -90.3  -24.1  -24.1
  steps      t(s)   GR from -> to     t10    t50    t90 (ms)
               6.6    -5.44 ->  -7.57     -1.0    0.0    0.0
ROW case=tone_imd tag=proL2 aligned=1 offset=0 outI=0.80 inI=7.43 tp=0.08 overs=4 grMean=-6.22 grStd=1.64 crestOut=5.5 hits=0 retMed=  n/a t63med=  n/a t90med=  n/a lrStd=0.00 thdMax=  n/a thdnMax=-20.9

==== limiter_ab_guard analyse: GREEN (0 problem(s)) ====
