# Pro-L 2 punchy prints measured against the sources (2026-10-09 15:39); gains hot 10.87 bass 8.45 synthetic 8.2
limiter_ab_guard analyse docs/limiter_ab/renders/styles/punchy  gain +10.9 dB  ceiling +0.0 dB

#### case fullmix_hot: source docs/limiter_ab/renders/styles/punchy/source_fullmix_hot.wav (pcm24, 48000 Hz, 2 ch, 58.18 s)

== case fullmix_hot        tag proL2       48000 Hz  2792727 frames  offset +0 samples (0.00 ms)  [render 0.5 s longer, tail silent]  corr 1.000 1.000 1.000 1.000 1.000 1.000 0.999 0.999
  gain +10.9 dB  ceiling +0.0 dB
  loudness   in+gain  I -9.93 LUFS  Mmax -6.2  Smax -8.2   |  out  I -10.10 LUFS  Mmax -6.8  Smax -8.4   |  S std 1.77 -> 1.71 LU
  peaks      sample -0.04 dBFS  TRUE PEAK (arbiter, exact) -0.00 dBTP  overs above ceiling+0.02 dB: 0  [96-tap meter: -0.00 dBTP, 0 overs at +0.05]
  dynamics   GR mean -0.09 dB  max -1.24  std 0.11  p2p 1.24  |  crest in 11.4 -> out 9.9 dB  |  L-R GR std 0.01 dB
  hits       15 detected
              #    t(s)   over   retained   GRmin   base   pre(ms)   hold(ms)    t10    t50    t63    t90 (ms)   dipL   dipR
              0    0.06    2.6     -2.68   -1.88    0.0      0.0       0.0     0.3    0.3    0.7   18.7    -1.82  -1.93
                 GR trace -25..+60 ms:
                 -25 ms    n/a   n/a   n/a   n/a   n/a   n/a   n/a   n/a   n/a   n/a   n/a   n/a   n/a   n/a   n/a   n/a   n/a   n/a   n/a   n/a
                  -5 ms    n/a   n/a  -0.0  -0.0  -0.0  -0.0  -0.0  -0.0  -0.0  -0.0  -0.3  -0.4  -0.1  -0.6  -1.6  -1.5  -0.7  -0.7  -0.7  -0.6
                 +15 ms   -0.5  -0.5  -0.4  -0.4  -0.4  -0.4  -0.3  -0.3  -0.3  -0.3  -0.2  -0.2  -0.2  -0.2  -0.2  -0.2  -0.2  -0.2  -0.1  -0.1
                 +35 ms   -0.1  -0.1  -0.1  -0.1  -0.1  -0.1  -0.1  -0.1  -0.1  -0.1  -0.1  -0.1  -0.1  -0.1  -0.1  -0.1  -0.1  -0.1  -0.1  -0.1
                 +55 ms   -0.1  -0.1  -0.0  -0.0  -0.0  -0.0
              1    1.43   -0.7     -0.00   -0.00   -0.0      n/a       n/a     n/a    n/a    n/a    n/a    -0.00  -0.00
                 GR trace -25..+60 ms:
                 -25 ms   -0.0  -0.0  -0.0  -0.0  -0.0  -0.0  -0.0  -0.0  -0.0  -0.0  -0.0  -0.0  -0.0  -0.0  -0.0  -0.0  -0.0  -0.0  -0.0  -0.0
                  -5 ms   -0.0  -0.0  -0.0  -0.0  -0.0  -0.0  -0.0  -0.0  -0.0  -0.0  -0.0  -0.0  -0.0  -0.0  -0.0  -0.0  -0.0  -0.0  -0.0  -0.0
                 +15 ms   -0.0  -0.0  -0.0  -0.0  -0.0  -0.0  -0.0  -0.0  -0.0  -0.0  -0.0  -0.0  -0.0  -0.0  -0.0  -0.0  -0.0  -0.0  -0.0  -0.0
                 +35 ms   -0.0  -0.0  -0.0  -0.0  -0.0  -0.0  -0.0  -0.0  -0.0  -0.0  -0.0  -0.0  -0.0  -0.0  -0.0  -0.0  -0.0  -0.0  -0.0  -0.0
                 +55 ms   -0.0  -0.0  -0.0  -0.0  -0.0  -0.0
              2    3.71    3.0     -3.03   -2.13   -0.0      0.0       0.3     0.3    0.3    1.3   16.7    -2.16  -2.11
                 GR trace -25..+60 ms:
                 -25 ms   -0.0  -0.0  -0.0  -0.0  -0.0  -0.0  -0.0  -0.0  -0.0  -0.0  -0.0  -0.0  -0.0  -0.0  -0.0  -0.0  -0.0  -0.0  -0.0  -0.0
                  -5 ms   -0.0  -0.0  -0.0  -0.0  -0.0  -0.5  -0.1  -0.2  -0.7  -0.4  -0.3  -1.0  -1.6  -1.3  -0.6  -0.6  -0.6  -0.5  -0.5  -0.4
                 +15 ms   -0.4  -0.4  -0.3  -0.3  -0.3  -0.3  -0.3  -0.2  -0.2  -0.2  -0.2  -0.2  -0.2  -0.2  -0.2  -0.1  -0.1  -0.1  -0.1  -0.1
                 +35 ms   -0.1  -0.1  -0.1  -0.1  -0.1  -0.1  -0.1  -0.1  -0.1  -0.1  -0.1  -0.1  -0.1  -0.1  -0.1  -0.1  -0.1  -0.1  -0.1  -0.1
                 +55 ms   -0.1  -0.0  -0.0  -0.0  -0.0  -0.0
              3    8.70    2.2     -2.22   -1.55   -0.0      0.0       0.0     0.3    0.3    0.7    9.0    -1.59  -1.50
                 GR trace -25..+60 ms:
                 -25 ms   -0.0  -0.0  -0.0  -0.0  -0.0  -0.0  -0.0  -0.0  -0.0  -0.0  -0.0  -0.0  -0.0  -0.0  -0.0  -0.0  -0.0  -0.0  -0.0  -0.0
                  -5 ms   -0.0  -0.0  -0.0  -0.0  -0.0  -0.0  -0.0  -0.0  -0.0  -0.0  -0.0  -0.0  -0.0  -0.4  -0.2  -0.1  -0.1  -0.7  -0.9  -0.3
                 +15 ms   -0.2  -0.2  -0.2  -0.2  -0.2  -0.3  -0.2  -0.2  -0.2  -0.1  -0.1  -0.1  -0.1  -0.1  -0.1  -0.1  -0.1  -0.1  -0.1  -0.1
                 +35 ms   -0.1  -0.1  -0.1  -0.1  -0.1  -0.1  -0.1  -0.1  -0.1  -0.4  -0.1  -0.1  -0.1  -0.1  -0.1  -0.1  -0.1  -0.1  -0.1  -0.1
                 +55 ms   -0.1  -0.1  -0.1  -0.1  -0.1  -0.1
              4   15.96   -7.4     -0.01   -0.32   -0.0      n/a       n/a     n/a    n/a    n/a    n/a    -0.32  -0.32
                 GR trace -25..+60 ms:
                 -25 ms   -0.0  -0.0  -0.0  -0.0  -0.0  -0.0  -0.0  -0.0  -0.0  -0.0  -0.0  -0.0  -0.0  -0.0  -0.0  -0.0  -0.0  -0.0  -0.0  -0.0
                  -5 ms   -0.0  -0.0  -0.0  -0.0  -0.0  -0.0  -0.0  -0.0  -0.0  -0.0  -0.0  -0.0  -0.0  -0.0  -0.0  -0.0  -0.0  -0.0  -0.0  -0.0
                 +15 ms   -0.0  -0.0  -0.0  -0.0  -0.0  -0.0  -0.1  -0.0  -0.0  -0.0  -0.0  -0.0  -0.1  -0.2  -0.1  -0.1  -0.0  -0.9  -0.2  -0.1
                 +35 ms   -0.1  -0.1  -0.1  -0.1  -0.1  -0.1  -0.1  -0.1  -0.1  -0.1  -0.1  -0.1  -0.1  -0.1  -0.2  -0.2  -0.1  -0.1  -0.1  -0.1
                 +55 ms   -0.4  -0.1  -0.1  -0.1  -0.1  -0.1
              5   17.65   -5.3     -0.00   -0.00   -0.0      n/a       n/a     n/a    n/a    n/a    n/a    -0.00  -0.00
                 GR trace -25..+60 ms:
                 -25 ms   -0.0  -0.0  -0.0  -0.0  -0.0  -0.0  -0.0  -0.0  -0.0  -0.0  -0.0  -0.0  -0.0  -0.0  -0.0  -0.0  -0.0  -0.0  -0.0  -0.0
                  -5 ms   -0.0  -0.0  -0.0  -0.0  -0.0  -0.0  -0.0  -0.0  -0.0  -0.0  -0.0  -0.0  -0.0  -0.0  -0.0  -0.0  -0.0  -0.0  -0.0  -0.0
                 +15 ms   -0.0  -0.0  -0.0  -0.0  -0.0  -0.0  -0.0  -0.0  -0.0  -0.0  -0.0  -0.0  -0.0  -0.0  -0.0  -0.0  -0.0  -0.0  -0.0  -0.0
                 +35 ms   -0.0  -0.0  -0.0  -0.0  -0.0  -0.0  -0.0  -0.0  -0.0  -0.0  -0.0  -0.0  -0.0  -0.0  -0.0  -0.0  -0.0  -0.0  -0.0  -0.0
                 +55 ms   -0.0  -0.0  -0.0  -0.0  -0.0  -0.0
              6   18.25    2.5     -2.52   -1.86   -0.0      0.0       0.0     0.3    0.7    2.0   21.3    -1.83  -1.89
                 GR trace -25..+60 ms:
                 -25 ms   -0.0  -0.0  -0.0  -0.0  -0.0  -0.0  -0.0  -0.0  -0.0  -0.0  -0.0  -0.0  -0.0  -0.0  -0.0  -0.0  -0.0  -0.0  -0.0  -0.0
                  -5 ms   -0.0  -0.0  -0.0  -0.0  -0.0  -0.0  -0.0  -0.2  -0.2  -0.1  -0.6  -1.4  -0.8  -1.3  -1.4  -0.7  -0.6  -0.6  -0.5  -0.5
                 +15 ms   -0.4  -0.4  -0.4  -0.4  -0.3  -0.3  -0.3  -0.3  -0.4  -0.3  -0.2  -0.2  -0.2  -0.2  -0.2  -0.2  -0.2  -0.2  -0.1  -0.1
                 +35 ms   -0.1  -0.1  -0.1  -0.1  -0.1  -0.1  -0.1  -0.1  -0.1  -0.1  -0.1  -0.1  -0.1  -0.1  -0.1  -0.1  -0.1  -0.1  -0.1  -0.1
                 +55 ms   -0.1  -0.1  -0.1  -0.1  -0.1  -0.1
              7   24.61    0.8     -0.87   -0.92   -0.0      n/a       n/a     n/a    n/a    n/a    n/a    -0.93  -0.90
                 GR trace -25..+60 ms:
                 -25 ms   -0.0  -0.0  -0.0  -0.0  -0.0  -0.0  -0.0  -0.0  -0.0  -0.0  -0.0  -0.0  -0.0  -0.0  -0.0  -0.0  -0.0  -0.0  -0.0  -0.0
                  -5 ms   -0.0  -0.0  -0.0  -0.0  -0.0  -0.0  -0.5  -0.1  -0.2  -0.1  -0.1  -0.1  -0.1  -0.0  -0.0  -0.0  -0.5  -0.1  -0.1  -0.1
                 +15 ms   -0.1  -0.1  -0.1  -0.1  -0.1  -0.1  -0.1  -0.2  -0.1  -0.1  -0.1  -0.1  -0.1  -0.0  -0.0  -0.0  -0.0  -0.0  -0.0  -0.0
                 +35 ms   -0.0  -0.0  -0.0  -0.1  -0.0  -0.0  -0.9  -0.1  -0.1  -0.1  -0.1  -0.1  -0.1  -0.1  -0.1  -0.1  -0.1  -0.0  -0.0  -0.0
                 +55 ms   -0.0  -0.0  -0.0  -0.0  -0.0  -0.0
              8   25.29    0.2     -0.27   -0.17   -0.0      n/a       n/a     n/a    n/a    n/a    n/a    -0.20  -0.14
                 GR trace -25..+60 ms:
                 -25 ms   -0.0  -0.0  -0.0  -0.0  -0.0  -0.0  -0.0  -0.0  -0.0  -0.0  -0.0  -0.0  -0.0  -0.0  -0.0  -0.0  -0.0  -0.0  -0.0  -0.0
                  -5 ms   -0.0  -0.0  -0.0  -0.0  -0.0  -0.1  -0.0  -0.0  -0.0  -0.0  -0.0  -0.0  -0.0  -0.0  -0.0  -0.0  -0.0  -0.0  -0.0  -0.0
                 +15 ms   -0.0  -0.0  -0.0  -0.0  -0.0  -0.0  -0.0  -0.0  -0.0  -0.0  -0.0  -0.0  -0.0  -0.0  -0.0  -0.0  -0.0  -0.0  -0.0  -0.0
                 +35 ms   -0.0  -0.0  -0.0  -0.0  -0.0  -0.0  -0.0  -0.0  -0.0  -0.0  -0.0  -0.0  -0.0  -0.0  -0.0  -0.0  -0.0  -0.0  -0.0  -0.0
                 +55 ms   -0.0  -0.0  -0.0  -0.0  -0.0  -0.0
              9   30.07    4.6     -4.59   -4.12   -0.0      0.0       0.3     0.3    0.3    0.3   66.0    -4.10  -4.16
                 GR trace -25..+60 ms:
                 -25 ms   -0.0  -0.0  -0.0  -0.0  -0.0  -0.0  -0.0  -0.0  -0.0  -0.0  -0.0  -0.0  -0.0  -0.0  -0.0  -0.0  -0.0  -0.0  -0.0  -0.0
                  -5 ms   -0.0  -0.0  -0.0  -0.0  -0.0  -0.2  -2.1  -3.3  -2.5  -1.0  -1.3  -1.5  -1.3  -2.3  -1.2  -2.8  -2.8  -3.2  -1.6  -1.5
                 +15 ms   -1.4  -1.3  -1.7  -1.4  -1.1  -2.4  -1.2  -1.1  -1.4  -1.5  -1.2  -1.4  -1.6  -1.6  -1.0  -0.9  -0.8  -1.2  -1.7  -2.3
                 +35 ms   -1.5  -1.5  -2.3  -1.1  -1.1  -1.0  -1.5  -1.0  -1.2  -0.9  -1.2  -2.1  -1.3  -1.1  -0.9  -0.8  -0.8  -0.8  -0.7  -0.7
                 +55 ms   -0.6  -0.6  -0.6  -0.6  -0.5  -0.5
             10   32.80    2.2     -2.21   -1.93   -0.0      0.0       0.0     0.3    0.3    0.3   14.7    -1.97  -1.90
                 GR trace -25..+60 ms:
                 -25 ms   -0.0  -0.0  -0.0  -0.0  -0.0  -0.0  -0.0  -0.0  -0.0  -0.0  -0.0  -0.0  -0.0  -0.0  -0.0  -0.0  -0.0  -0.0  -0.0  -0.0
                  -5 ms   -0.0  -0.0  -0.0  -0.0  -0.0  -0.0  -0.0  -0.0  -0.8  -0.9  -0.5  -0.6  -0.6  -1.4  -0.9  -0.5  -0.5  -0.4  -0.4  -0.4
                 +15 ms   -0.3  -0.3  -0.3  -0.3  -0.3  -0.2  -0.2  -0.2  -0.2  -0.2  -0.2  -0.2  -0.1  -0.1  -0.1  -0.1  -0.1  -0.1  -0.1  -0.1
                 +35 ms   -0.1  -0.1  -0.1  -0.1  -0.1  -0.1  -0.1  -0.1  -0.1  -0.1  -0.1  -0.1  -0.1  -0.1  -0.1  -0.1  -0.1  -0.0  -0.0  -0.0
                 +55 ms   -0.0  -0.0  -0.0  -0.1  -0.0  -0.0
             11   39.93   -0.7     -0.00   -0.00   -0.0      n/a       n/a     n/a    n/a    n/a    n/a    -0.00  -0.00
                 GR trace -25..+60 ms:
                 -25 ms   -0.0  -0.0  -0.0  -0.0  -0.0  -0.0  -0.0  -0.0  -0.0  -0.0  -0.0  -0.0  -0.0  -0.0  -0.0  -0.0  -0.0  -0.0  -0.0  -0.0
                  -5 ms   -0.0  -0.0  -0.0  -0.0  -0.0  -0.0  -0.0  -0.0  -0.0  -0.0  -0.0  -0.0  -0.0  -0.0  -0.0  -0.0  -0.0  -0.0  -0.0  -0.0
                 +15 ms   -0.0  -0.0  -0.0  -0.0  -0.0  -0.0  -0.0  -0.0  -0.0  -0.0  -0.0  -0.0  -0.0  -0.0  -0.0  -0.0  -0.0  -0.0  -0.0  -0.0
                 +35 ms   -0.0  -0.0  -0.0  -0.0  -0.0  -0.0  -0.0  -0.0  -0.0  -0.0  -0.0  -0.0  -0.0  -0.0  -0.0  -0.0  -0.0  -0.0  -0.0  -0.0
                 +55 ms   -0.0  -0.0  -0.0  -0.0  -0.0  -0.0
             12   46.43   -4.2     -0.00   -0.00   -0.0      n/a       n/a     n/a    n/a    n/a    n/a    -0.00  -0.00
                 GR trace -25..+60 ms:
                 -25 ms   -0.0  -0.0  -0.0  -0.0  -0.0  -0.0  -0.0  -0.0  -0.0  -0.0  -0.0  -0.0  -0.0  -0.0  -0.0  -0.0  -0.0  -0.0  -0.0  -0.0
                  -5 ms   -0.0  -0.0  -0.0  -0.0  -0.0  -0.0  -0.0  -0.0  -0.0  -0.0  -0.0  -0.0  -0.0  -0.0  -0.0  -0.0  -0.0  -0.0  -0.0  -0.0
                 +15 ms   -0.0  -0.0  -0.0  -0.0  -0.0  -0.0  -0.0  -0.0  -0.0  -0.0  -0.0  -0.0  -0.0  -0.0  -0.0  -0.0  -0.0  -0.0  -0.0  -0.0
                 +35 ms   -0.0  -0.0  -0.0  -0.0  -0.0  -0.0  -0.0  -0.0  -0.0  -0.0  -0.0  -0.0  -0.0  -0.0  -0.0  -0.0  -0.0  -0.0  -0.0  -0.0
                 +55 ms   -0.0  -0.0  -0.0  -0.0  -0.0  -0.0
             13   46.90   -1.9     -0.00   -0.00   -0.0      n/a       n/a     n/a    n/a    n/a    n/a    -0.00  -0.00
                 GR trace -25..+60 ms:
                 -25 ms   -0.0  -0.0  -0.0  -0.0  -0.0  -0.0  -0.0  -0.0  -0.0  -0.0  -0.0  -0.0  -0.0  -0.0  -0.0  -0.0  -0.0  -0.0  -0.0  -0.0
                  -5 ms   -0.0  -0.0  -0.0  -0.0  -0.0  -0.0  -0.0  -0.0  -0.0  -0.0  -0.0  -0.0  -0.0  -0.0  -0.0  -0.0  -0.0  -0.0  -0.0  -0.0
                 +15 ms   -0.0  -0.0  -0.0  -0.0  -0.0  -0.0  -0.0  -0.0  -0.0  -0.0  -0.0  -0.0  -0.0  -0.0  -0.0  -0.0  -0.0  -0.0  -0.0  -0.0
                 +35 ms   -0.0  -0.0  -0.0  -0.0  -0.0  -0.0  -0.0  -0.0  -0.0  -0.0  -0.0  -0.0  -0.0  -0.0  -0.0  -0.0  -0.0  -0.0  -0.0  -0.0
                 +55 ms   -0.0  -0.0  -0.0  -0.0  -0.0  -0.0
             14   52.34    1.8     -1.84   -1.24   -0.0      0.0       0.0     0.3    0.7    0.7    5.7    -1.21  -1.26
                 GR trace -25..+60 ms:
                 -25 ms   -0.0  -0.0  -0.0  -0.0  -0.0  -0.0  -0.0  -0.0  -0.0  -0.0  -0.0  -0.0  -0.0  -0.0  -0.0  -0.0  -0.0  -0.0  -0.0  -0.0
                  -5 ms   -0.0  -0.0  -0.0  -0.0  -0.0  -0.0  -0.0  -0.0  -0.0  -0.0  -0.0  -0.0  -0.3  -0.1  -0.1  -0.1  -0.4  -0.8  -0.2  -0.2
                 +15 ms   -0.2  -0.2  -0.1  -0.1  -0.1  -0.1  -0.1  -0.1  -0.1  -0.1  -0.1  -0.1  -0.1  -0.1  -0.1  -0.1  -0.1  -0.1  -0.1  -0.1
                 +35 ms   -0.1  -0.0  -0.0  -0.0  -0.0  -0.0  -0.0  -0.0  -0.0  -0.1  -0.0  -0.0  -0.0  -0.0  -0.0  -0.0  -0.0  -0.0  -0.0  -0.1
                 +55 ms   -0.0  -0.0  -0.0  -0.0  -0.0  -0.0
ROW case=fullmix_hot tag=proL2 aligned=1 offset=0 outI=-10.10 inI=-9.93 tp=-0.00 overs=0 edgeOvers=0 meterTp=-0.00 meterOvers=0 grMean=-0.09 grStd=0.11 crestOut=9.9 hits=15 retMed=-0.87 t63med=0.7 t90med=16.7 lrStd=0.01

==== limiter_ab_guard analyse: GREEN (0 problem(s)) ====
limiter_ab_guard analyse docs/limiter_ab/renders/styles/punchy  gain +8.4 dB  ceiling +0.0 dB

#### case bass_sustain: source docs/limiter_ab/renders/styles/punchy/source_bass_sustain.wav (pcm24, 48000 Hz, 2 ch, 58.18 s)

== case bass_sustain       tag proL2       48000 Hz  2792727 frames  offset +0 samples (0.00 ms)  [render 0.5 s longer, tail silent]  corr 0.996 0.996 0.998 0.996 0.995 0.000 0.997 0.997
  gain +8.4 dB  ceiling +0.0 dB
  loudness   in+gain  I -5.79 LUFS  Mmax -2.1  Smax -4.6   |  out  I -7.20 LUFS  Mmax -4.0  Smax -6.1   |  S std 2.23 -> 2.15 LU
  peaks      sample -0.04 dBFS  TRUE PEAK (arbiter, exact) -0.03 dBTP  overs above ceiling+0.02 dB: 0  [96-tap meter: -0.03 dBTP, 0 overs at +0.05]
  dynamics   GR mean -1.05 dB  max -3.09  std 0.70  p2p 3.03  |  crest in 5.8 -> out 4.6 dB  |  L-R GR std 0.00 dB
  hits       20 detected
              #    t(s)   over   retained   GRmin   base   pre(ms)   hold(ms)    t10    t50    t63    t90 (ms)   dipL   dipR
              0    0.08    4.1     -4.14   -4.14    0.0      0.0       0.3     0.7    8.3   24.7  497.3    -4.14  -4.14
                 GR trace -25..+60 ms:
                 -25 ms    n/a   n/a   n/a   n/a   0.0   0.0   0.0   0.0   0.0   n/a   n/a   n/a   n/a   n/a   n/a   n/a   n/a   0.0   n/a   0.0
                  -5 ms    0.0   0.0   0.0   0.0   0.0  -2.2  -2.7  -2.7  -3.7  -3.4  -3.2  -3.8  -4.0  -2.8  -2.9  -3.0  -3.2  -2.9  -2.6  -2.4
                 +15 ms   -2.1  -2.5  -2.5  -2.4  -2.3  -2.2  -2.0  -1.8  -1.7  -2.4  -2.3  -2.4  -2.3  -2.0  -1.9  -1.7  -1.6  -1.5  -1.5  -1.8
                 +35 ms   -1.9  -2.1  -1.9  -1.6  -1.5  -1.4  -1.3  -1.3  -1.4  -2.1  -2.2  -2.4  -2.1  -1.7  -1.6  -1.5  -1.4  -1.3  -1.3  -1.7
                 +55 ms   -1.9  -2.1  -1.9  -1.6  -1.5  -1.4
              1    1.44    4.1     -4.11   -4.10   -0.1      0.0       0.7     0.3    1.0   24.7  641.7    -4.10  -4.10
                 GR trace -25..+60 ms:
                 -25 ms    n/a   n/a   n/a   n/a   n/a   n/a  -0.0  -0.0  -0.0  -0.0  -0.0  -0.0  -0.0  -0.0  -0.0  -0.0   n/a   n/a  -0.0  -0.0
                  -5 ms   -0.0  -0.0  -0.0  -0.0  -0.0  -0.0  -0.0  -0.0  -2.8  -2.5  -2.2  -3.8  -3.8  -2.4  -3.0  -3.3  -3.6  -2.9  -2.4  -2.9
                 +15 ms   -2.9  -2.9  -2.5  -2.5  -2.3  -2.2  -1.9  -1.8  -2.5  -2.3  -2.2  -2.2  -2.1  -2.0  -1.9  -1.7  -1.6  -1.8  -2.5  -2.4
                 +35 ms   -2.4  -2.5  -2.4  -2.0  -1.9  -1.7  -1.7  -1.6  -1.5  -1.5  -2.0  -2.1  -2.2  -2.3  -2.0  -1.8  -1.7  -1.6  -1.5  -1.4
                 +55 ms   -1.4  -1.3  -1.8  -2.2  -2.3  -2.5
              2    3.71    4.1     -4.11   -4.10    0.0      0.0       0.7     0.3    1.0   24.7  666.7    -4.10  -4.10
                 GR trace -25..+60 ms:
                 -25 ms    n/a   n/a   n/a   n/a   n/a   n/a  -0.0  -0.0  -0.0  -0.0  -0.0  -0.0  -0.0  -0.0  -0.0  -0.0   n/a   n/a  -0.0  -0.0
                  -5 ms   -0.0  -0.0  -0.0  -0.0  -0.0  -0.0  -0.0  -1.0  -3.1  -1.9  -2.7  -4.0  -3.5  -2.1  -3.1  -3.4  -3.5  -2.6  -2.4  -2.9
                 +15 ms   -2.9  -2.8  -2.5  -2.4  -2.3  -2.1  -1.9  -1.9  -2.5  -2.3  -2.2  -2.2  -2.1  -1.9  -1.8  -1.6  -1.5  -2.1  -2.4  -2.4
                 +35 ms   -2.4  -2.5  -2.2  -2.0  -1.9  -1.7  -1.6  -1.5  -1.4  -1.7  -2.0  -2.1  -2.2  -2.3  -1.9  -1.8  -1.7  -1.5  -1.5  -1.4
                 +55 ms   -1.4  -1.3  -2.0  -2.2  -2.4  -2.5
              3    5.31    3.6     -3.62   -3.62   -0.1      0.0       0.7     0.3    1.0   26.3  676.0    -3.62  -3.62
                 GR trace -25..+60 ms:
                 -25 ms   -0.1  -0.1  -0.1  -0.1  -0.1  -0.1  -0.1  -0.1  -0.1  -0.1  -0.1  -0.1  -0.1  -0.1  -0.1  -0.1  -0.1  -0.1  -0.1  -0.1
                  -5 ms   -0.1  -0.1  -0.1  -0.1  -0.1  -2.3  -2.0  -1.5  -3.3  -3.4  -2.1  -2.6  -2.6  -3.0  -2.8  -2.1  -1.9  -2.6  -2.6  -2.4
                 +15 ms   -2.2  -2.1  -2.0  -1.9  -1.6  -1.5  -2.2  -2.2  -2.1  -2.0  -2.0  -1.8  -1.7  -1.6  -1.5  -1.4  -2.0  -2.3  -2.3  -2.3
                 +35 ms   -2.4  -2.3  -2.0  -1.8  -1.7  -1.6  -1.5  -1.4  -1.3  -1.8  -2.0  -2.1  -2.1  -2.2  -1.8  -1.7  -1.6  -1.5  -1.4  -1.4
                 +55 ms   -1.3  -1.3  -1.6  -2.2  -2.2  -2.4
              4    8.71    4.1     -4.11   -4.10   -0.1      0.0       0.7     0.3    1.0   24.7  626.7    -4.10  -4.10
                 GR trace -25..+60 ms:
                 -25 ms    n/a   n/a   n/a   n/a   n/a   n/a  -0.1  -0.1  -0.1  -0.1  -0.1  -0.1  -0.1  -0.1  -0.1  -0.1   n/a   n/a  -0.1  -0.1
                  -5 ms   -0.1  -0.1  -0.1  -0.1  -0.1  -0.1  -0.1  -1.0  -3.1  -1.9  -2.7  -4.0  -3.5  -2.1  -3.1  -3.4  -3.5  -2.6  -2.4  -2.9
                 +15 ms   -2.9  -2.8  -2.5  -2.4  -2.3  -2.1  -1.9  -1.9  -2.5  -2.3  -2.2  -2.2  -2.1  -1.9  -1.8  -1.7  -1.6  -2.1  -2.4  -2.4
                 +35 ms   -2.4  -2.5  -2.3  -2.0  -1.9  -1.7  -1.6  -1.5  -1.5  -1.7  -2.0  -2.1  -2.2  -2.3  -1.9  -1.8  -1.7  -1.6  -1.5  -1.4
                 +55 ms   -1.4  -1.3  -2.0  -2.2  -2.4  -2.5
              5   10.98    4.1     -4.11   -4.11    0.0      0.0       0.3     0.3    1.3   24.7  666.3    -4.11  -4.11
                 GR trace -25..+60 ms:
                 -25 ms    n/a   n/a   n/a   n/a   n/a   n/a  -0.0  -0.0  -0.0  -0.0  -0.0  -0.0  -0.0  -0.0  -0.0  -0.0   n/a   n/a  -0.0  -0.0
                  -5 ms   -0.0  -0.0  -0.0  -0.0  -0.0  -0.0  -0.0  -2.0  -3.1  -1.1  -3.2  -4.1  -3.1  -2.8  -3.1  -3.5  -3.3  -2.5  -2.3  -3.0
                 +15 ms   -3.0  -2.7  -2.5  -2.4  -2.2  -2.1  -1.8  -2.2  -2.5  -2.3  -2.2  -2.2  -2.0  -1.9  -1.7  -1.6  -1.5  -2.3  -2.4  -2.4
                 +35 ms   -2.4  -2.5  -2.1  -2.0  -1.8  -1.7  -1.6  -1.5  -1.4  -1.8  -2.0  -2.1  -2.2  -2.2  -1.8  -1.8  -1.7  -1.5  -1.5  -1.4
                 +55 ms   -1.4  -1.3  -2.2  -2.2  -2.4  -2.5
              6   15.53   -3.4     -0.14   -0.15    0.0      n/a       n/a     n/a    n/a    n/a    n/a    -0.15  -0.15
                 GR trace -25..+60 ms:
                 -25 ms   -0.2  -0.2  -0.2  -0.2  -0.2  -0.2  -0.2  -0.1  -0.1  -0.1  -0.1  -0.1  -0.1  -0.1  -0.1  -0.1  -0.1  -0.1  -0.1  -0.1
                  -5 ms   -0.1  -0.1  -0.1  -0.1  -0.1  -0.1  -0.1  -0.1  -0.1  -0.1  -0.1  -0.1  -0.1  -0.1  -0.1  -0.1  -0.1  -0.1  -0.1  -0.1
                 +15 ms   -0.1  -0.1  -0.1  -0.1  -0.1  -0.1  -0.1  -0.1  -0.1  -0.1  -0.1  -0.1  -0.1  -0.1  -0.1  -0.1  -0.1  -0.1  -0.1  -0.1
                 +35 ms   -0.1  -0.1  -0.1  -0.1  -0.1  -0.1  -0.1  -0.1  -0.1  -0.1  -0.1  -0.1  -0.1  -0.1  -0.1  -0.1  -0.1  -0.1  -0.1  -0.1
                 +55 ms   -0.1  -0.1  -0.1  -0.1  -0.1  -0.1
              7   15.98    4.1     -4.11   -4.11   -0.1      0.0       0.3     0.3    1.3   24.7  606.3    -4.11  -4.11
                 GR trace -25..+60 ms:
                 -25 ms    n/a   n/a   n/a   n/a   n/a   n/a  -0.1  -0.1  -0.1  -0.1  -0.1  -0.1  -0.1  -0.1  -0.1  -0.1   n/a   n/a  -0.1  -0.1
                  -5 ms   -0.1  -0.1  -0.1  -0.1  -0.1  -0.1  -0.1  -2.0  -3.1  -1.1  -3.2  -4.1  -3.1  -2.8  -3.1  -3.5  -3.3  -2.5  -2.3  -3.0
                 +15 ms   -3.0  -2.7  -2.5  -2.4  -2.2  -2.1  -1.9  -2.2  -2.5  -2.3  -2.2  -2.2  -2.0  -1.9  -1.8  -1.6  -1.5  -2.3  -2.4  -2.4
                 +35 ms   -2.4  -2.5  -2.1  -2.0  -1.9  -1.7  -1.6  -1.5  -1.4  -1.8  -2.0  -2.1  -2.2  -2.2  -1.9  -1.8  -1.7  -1.5  -1.5  -1.4
                 +55 ms   -1.4  -1.4  -2.2  -2.2  -2.4  -2.5
              8   18.26    4.1     -4.11   -4.10    0.0      0.0       0.3     0.7    1.3   25.0  666.7    -4.10  -4.10
                 GR trace -25..+60 ms:
                 -25 ms    n/a   n/a   n/a   n/a   n/a   n/a  -0.0  -0.0  -0.0  -0.0  -0.0  -0.0  -0.0  -0.0  -0.0  -0.0   n/a   n/a  -0.0  -0.0
                  -5 ms   -0.0  -0.0  -0.0  -0.0  -0.0  -0.0  -0.0  -0.0  -2.5  -2.7  -1.8  -3.6  -4.0  -2.7  -3.0  -3.2  -3.6  -3.1  -2.4  -2.7
                 +15 ms   -3.0  -2.9  -2.6  -2.5  -2.4  -2.2  -2.0  -1.8  -2.4  -2.4  -2.2  -2.2  -2.1  -2.0  -1.9  -1.7  -1.6  -1.5  -2.5  -2.4
                 +35 ms   -2.4  -2.5  -2.5  -2.1  -1.9  -1.8  -1.7  -1.6  -1.5  -1.4  -2.0  -2.1  -2.1  -2.2  -2.1  -1.8  -1.7  -1.6  -1.5  -1.4
                 +55 ms   -1.4  -1.3  -1.6  -2.2  -2.3  -2.4
              9   19.85    3.6     -3.62   -3.62   -0.1      0.0       0.3     0.7    1.3   26.3  676.3    -3.62  -3.62
                 GR trace -25..+60 ms:
                 -25 ms   -0.1  -0.1  -0.1  -0.1  -0.1  -0.1  -0.1  -0.1  -0.1  -0.1  -0.1  -0.1  -0.1  -0.1  -0.1  -0.1  -0.1  -0.1  -0.1  -0.1
                  -5 ms   -0.1  -0.1  -0.1  -0.1  -0.1  -1.6  -2.5  -0.7  -2.5  -3.6  -2.8  -1.8  -2.6  -2.9  -3.0  -2.4  -2.1  -2.5  -2.7  -2.6
                 +15 ms   -2.2  -2.1  -2.1  -1.9  -1.8  -1.6  -1.9  -2.3  -2.1  -2.0  -2.0  -1.9  -1.8  -1.7  -1.5  -1.4  -1.4  -2.3  -2.3  -2.3
                 +35 ms   -2.4  -2.5  -2.0  -1.9  -1.8  -1.6  -1.5  -1.4  -1.4  -1.5  -2.0  -2.0  -2.1  -2.2  -2.0  -1.8  -1.7  -1.6  -1.5  -1.4
                 +55 ms   -1.3  -1.3  -1.2  -2.1  -2.2  -2.3
             10   23.26    4.1     -4.11   -4.10   -0.1      0.0       0.3     0.7    1.3   24.7  626.7    -4.10  -4.10
                 GR trace -25..+60 ms:
                 -25 ms    n/a   n/a   n/a   n/a   n/a   n/a  -0.1  -0.1  -0.1  -0.1  -0.1  -0.1  -0.1  -0.1  -0.1  -0.1   n/a   n/a  -0.1  -0.1
                  -5 ms   -0.1  -0.1  -0.1  -0.1  -0.1  -0.1  -0.1  -0.1  -2.5  -2.7  -1.8  -3.6  -4.0  -2.7  -3.0  -3.2  -3.6  -3.1  -2.4  -2.7
                 +15 ms   -3.0  -2.9  -2.6  -2.5  -2.4  -2.2  -2.0  -1.8  -2.4  -2.4  -2.2  -2.2  -2.1  -2.0  -1.9  -1.7  -1.6  -1.5  -2.5  -2.4
                 +35 ms   -2.4  -2.5  -2.5  -2.1  -1.9  -1.8  -1.7  -1.6  -1.5  -1.4  -2.0  -2.1  -2.1  -2.2  -2.1  -1.8  -1.7  -1.6  -1.5  -1.5
                 +55 ms   -1.4  -1.4  -1.6  -2.2  -2.3  -2.4
             11   25.53    4.1     -4.11   -4.10    0.0      0.0       0.3     0.7    1.3   25.0  667.0    -4.10  -4.10
                 GR trace -25..+60 ms:
                 -25 ms    n/a   n/a   n/a   n/a   n/a   n/a  -0.0  -0.0  -0.0  -0.0  -0.0  -0.0  -0.0  -0.0  -0.0  -0.0   n/a   n/a  -0.0  -0.0
                  -5 ms   -0.0  -0.0  -0.0  -0.0  -0.0  -0.0  -0.0  -0.1  -2.9  -2.4  -2.3  -3.9  -3.8  -2.3  -3.0  -3.3  -3.5  -2.8  -2.4  -2.9
                 +15 ms   -2.9  -2.9  -2.5  -2.4  -2.3  -2.1  -1.9  -1.8  -2.5  -2.3  -2.2  -2.2  -2.1  -2.0  -1.8  -1.6  -1.6  -1.9  -2.4  -2.4
                 +35 ms   -2.4  -2.5  -2.3  -2.0  -1.9  -1.7  -1.6  -1.5  -1.4  -1.5  -2.0  -2.1  -2.2  -2.3  -2.0  -1.8  -1.7  -1.6  -1.5  -1.4
                 +55 ms   -1.4  -1.3  -1.8  -2.2  -2.3  -2.5
             12   30.08    4.1     -4.14   -4.14    0.0      0.0       0.3     0.7   14.0   25.7 1128.7    -4.14  -4.14
                 GR trace -25..+60 ms:
                 -25 ms    n/a   n/a   n/a   n/a  -0.1  -0.1  -0.1  -0.1  -0.1   n/a   n/a   n/a   n/a   n/a   n/a   n/a   n/a  -0.1   n/a  -0.1
                  -5 ms   -0.1  -0.1  -0.1  -0.1  -0.1  -2.2  -2.7  -2.7  -3.7  -3.4  -3.2  -3.8  -4.0  -2.8  -2.9  -3.0  -3.2  -2.9  -2.6  -2.4
                 +15 ms   -2.1  -2.5  -2.5  -2.4  -2.3  -2.2  -2.1  -1.9  -1.7  -2.4  -2.3  -2.4  -2.3  -2.0  -1.9  -1.8  -1.7  -1.6  -1.6  -1.8
                 +35 ms   -1.9  -2.1  -1.9  -1.7  -1.6  -1.5  -1.4  -1.4  -1.5  -2.1  -2.2  -2.4  -2.1  -1.7  -1.6  -1.5  -1.5  -1.4  -1.3  -1.7
                 +55 ms   -1.9  -2.1  -1.9  -1.6  -1.6  -1.4
             13   32.80    4.1     -4.11   -4.09    0.0      0.0       0.3     0.7    1.3   25.0  667.7    -4.09  -4.09
                 GR trace -25..+60 ms:
                 -25 ms    n/a   n/a   n/a   n/a   n/a   n/a  -0.0  -0.0  -0.0  -0.0  -0.0  -0.0  -0.0  -0.0  -0.0  -0.0   n/a   n/a  -0.0  -0.0
                  -5 ms   -0.0  -0.0  -0.0  -0.0  -0.0  -0.0  -0.0  -1.4  -3.2  -1.6  -2.8  -4.0  -3.4  -2.3  -3.1  -3.5  -3.4  -2.6  -2.3  -2.9
                 +15 ms   -2.9  -2.8  -2.5  -2.4  -2.3  -2.1  -1.9  -2.0  -2.5  -2.3  -2.2  -2.2  -2.0  -1.9  -1.8  -1.6  -1.5  -2.2  -2.4  -2.4
                 +35 ms   -2.4  -2.5  -2.2  -2.0  -1.9  -1.7  -1.6  -1.5  -1.4  -1.7  -2.0  -2.1  -2.2  -2.3  -1.9  -1.8  -1.7  -1.5  -1.5  -1.4
                 +55 ms   -1.4  -1.3  -2.1  -2.2  -2.4  -2.5
             14   34.40    3.9     -3.95   -3.94   -0.1      0.0       0.7     0.3    1.0   26.0  662.0    -3.94  -3.94
                 GR trace -25..+60 ms:
                 -25 ms   -0.1  -0.1  -0.1  -0.1  -0.1  -0.1  -0.1  -0.1  -0.1  -0.1  -0.1  -0.1  -0.1  -0.1  -0.1  -0.1  -0.1  -0.1  -0.1  -0.1
                  -5 ms   -0.1  -0.1  -0.1  -0.1  -0.2  -2.7  -2.2  -2.0  -3.7  -3.7  -2.3  -2.8  -2.9  -3.3  -2.9  -2.3  -2.1  -2.9  -2.9  -2.6
                 +15 ms   -2.3  -2.3  -2.2  -2.0  -1.8  -1.7  -2.4  -2.3  -2.2  -2.1  -2.1  -2.0  -1.8  -1.7  -1.6  -1.5  -2.1  -2.4  -2.4  -2.4
                 +35 ms   -2.5  -2.4  -2.0  -1.9  -1.7  -1.7  -1.6  -1.5  -1.4  -1.9  -2.1  -2.1  -2.2  -2.3  -1.9  -1.8  -1.7  -1.6  -1.5  -1.4
                 +55 ms   -1.4  -1.3  -1.7  -2.2  -2.3  -2.4
             15   43.71    4.1     -4.14   -4.14    0.0      0.0       0.3     0.7    8.3   24.7  497.7    -4.14  -4.14
                 GR trace -25..+60 ms:
                 -25 ms    n/a   n/a   n/a   n/a   0.0   0.0   0.0   0.0   0.0   n/a   n/a   n/a   n/a   n/a   n/a   n/a   n/a   0.0   n/a   0.0
                  -5 ms    0.0   0.0   0.0   0.0   0.0  -0.4  -2.9  -1.8  -3.5  -3.8  -2.8  -3.5  -4.1  -3.3  -2.4  -3.0  -3.2  -3.1  -2.7  -2.5
                 +15 ms   -2.2  -2.2  -2.6  -2.5  -2.3  -2.2  -2.1  -1.8  -1.7  -2.2  -2.3  -2.4  -2.4  -2.1  -1.9  -1.7  -1.6  -1.5  -1.4  -1.8
                 +35 ms   -1.9  -2.1  -2.0  -1.7  -1.6  -1.4  -1.4  -1.3  -1.3  -2.0  -2.1  -2.3  -2.3  -1.7  -1.6  -1.5  -1.4  -1.4  -1.3  -1.6
                 +55 ms   -1.8  -2.1  -2.1  -1.6  -1.5  -1.4
             16   47.35    4.1     -4.11   -4.10    0.0      0.0       0.7     0.3    1.3   24.7  662.0    -4.10  -4.10
                 GR trace -25..+60 ms:
                 -25 ms    n/a   n/a   n/a   n/a   n/a   n/a   0.0   0.0   0.0   0.0   0.0   0.0   0.0   0.0   0.0   0.0   n/a   n/a   0.0   0.0
                  -5 ms    0.0   0.0   0.0   0.0   0.0   0.0   0.0   0.0  -2.6  -2.6  -2.0  -3.7  -3.9  -2.6  -3.0  -3.2  -3.6  -3.0  -2.4  -2.8
                 +15 ms   -2.9  -2.9  -2.5  -2.4  -2.3  -2.2  -1.9  -1.8  -2.4  -2.4  -2.2  -2.2  -2.1  -2.0  -1.8  -1.6  -1.5  -1.6  -2.5  -2.4
                 +35 ms   -2.4  -2.5  -2.4  -2.0  -1.9  -1.7  -1.6  -1.5  -1.4  -1.4  -2.0  -2.1  -2.2  -2.2  -2.1  -1.8  -1.7  -1.6  -1.5  -1.4
                 +55 ms   -1.3  -1.3  -1.6  -2.2  -2.3  -2.4
             17   48.94    3.6     -3.62   -3.62   -0.1      0.0       0.3     0.3    1.0   26.3  677.7    -3.62  -3.62
                 GR trace -25..+60 ms:
                 -25 ms   -0.1  -0.1  -0.1  -0.1  -0.1  -0.1  -0.1  -0.1  -0.1  -0.1  -0.1  -0.1  -0.1  -0.1  -0.1  -0.1  -0.1  -0.1  -0.1  -0.1
                  -5 ms   -0.1  -0.1  -0.1  -0.1  -0.1  -1.8  -2.4  -0.8  -2.8  -3.6  -2.6  -2.1  -2.6  -3.0  -2.9  -2.3  -2.0  -2.6  -2.6  -2.6
                 +15 ms   -2.2  -2.1  -2.0  -1.9  -1.7  -1.6  -2.0  -2.3  -2.1  -2.0  -2.0  -1.9  -1.8  -1.7  -1.5  -1.4  -1.6  -2.3  -2.3  -2.3
                 +35 ms   -2.4  -2.5  -2.0  -1.9  -1.8  -1.6  -1.5  -1.4  -1.4  -1.6  -2.0  -2.1  -2.1  -2.2  -2.0  -1.8  -1.7  -1.6  -1.5  -1.4
                 +55 ms   -1.3  -1.3  -1.3  -2.1  -2.2  -2.3
             18   52.35    4.1     -4.11   -4.10   -0.1      0.0       0.7     0.3    1.0   24.7  626.7    -4.10  -4.10
                 GR trace -25..+60 ms:
                 -25 ms    n/a   n/a   n/a   n/a   n/a   n/a  -0.1  -0.1  -0.1  -0.1  -0.1  -0.1  -0.1  -0.1  -0.1  -0.1   n/a   n/a  -0.1  -0.1
                  -5 ms   -0.1  -0.1  -0.1  -0.1  -0.1  -0.1  -0.1  -0.1  -2.6  -2.6  -2.0  -3.7  -3.9  -2.6  -3.0  -3.2  -3.6  -3.0  -2.4  -2.8
                 +15 ms   -2.9  -2.9  -2.6  -2.5  -2.4  -2.2  -1.9  -1.8  -2.4  -2.4  -2.2  -2.2  -2.1  -2.0  -1.9  -1.7  -1.6  -1.6  -2.5  -2.4
                 +35 ms   -2.4  -2.5  -2.4  -2.1  -1.9  -1.8  -1.7  -1.6  -1.5  -1.4  -2.0  -2.1  -2.2  -2.2  -2.1  -1.8  -1.7  -1.6  -1.5  -1.5
                 +55 ms   -1.4  -1.4  -1.7  -2.2  -2.3  -2.4
             19   54.62    4.1     -4.11   -4.11    0.0      0.0       0.3     0.7    1.3   25.0  666.7    -4.11  -4.11
                 GR trace -25..+60 ms:
                 -25 ms    n/a   n/a   n/a   n/a   n/a   n/a  -0.0  -0.0  -0.0  -0.0  -0.0  -0.0  -0.0  -0.0  -0.0  -0.0   n/a   n/a  -0.0  -0.0
                  -5 ms   -0.0  -0.0  -0.0  -0.0  -0.0  -0.0  -0.0  -0.4  -3.0  -2.2  -2.4  -4.0  -3.7  -2.1  -3.0  -3.4  -3.5  -2.7  -2.4  -2.9
                 +15 ms   -2.9  -2.9  -2.5  -2.4  -2.3  -2.1  -1.9  -1.8  -2.5  -2.3  -2.2  -2.2  -2.1  -1.9  -1.8  -1.6  -1.5  -2.0  -2.4  -2.4
                 +35 ms   -2.4  -2.5  -2.3  -2.0  -1.9  -1.7  -1.6  -1.5  -1.4  -1.6  -2.0  -2.1  -2.2  -2.3  -2.0  -1.8  -1.7  -1.6  -1.5  -1.4
                 +55 ms   -1.4  -1.3  -1.9  -2.2  -2.3  -2.5
ROW case=bass_sustain tag=proL2 aligned=1 offset=0 outI=-7.20 inI=-5.79 tp=-0.03 overs=0 edgeOvers=0 meterTp=-0.03 meterOvers=0 grMean=-1.05 grStd=0.70 crestOut=4.6 hits=20 retMed=-4.11 t63med=24.7 t90med=666.3 lrStd=0.00

==== limiter_ab_guard analyse: GREEN (0 problem(s)) ====
limiter_ab_guard analyse docs/limiter_ab/renders/styles/punchy  gain +8.2 dB  ceiling +0.0 dB

#### case probe_transients: source docs/limiter_ab/renders/styles/punchy/source_probe_transients.wav (float32, 48000 Hz, 2 ch, 36.70 s)

== case probe_transients   tag proL2       48000 Hz  1761600 frames  offset +0 samples (0.00 ms)  corr 1.000 1.000
  gain +8.2 dB  ceiling +0.0 dB
  loudness   in+gain  I -1.95 LUFS  Mmax 9.5  Smax 4.9   |  out  I -5.06 LUFS  Mmax 1.6  Smax -2.2   |  S std 3.29 -> 1.17 LU
  peaks      sample -0.04 dBFS  TRUE PEAK (arbiter, exact) -0.04 dBTP  overs above ceiling+0.02 dB: 0  [96-tap meter: -0.04 dBTP, 0 overs at +0.05]
  dynamics   GR mean -0.83 dB  max -8.17  std 1.79  p2p 8.17  |  crest in 4.7 -> out 4.1 dB  |  L-R GR std 0.00 dB
  hits       14 detected  (layout: 14)
              #    t(s)   over   retained   GRmin   base   pre(ms)   hold(ms)    t10    t50    t63    t90 (ms)   dipL   dipR
              0    1.10    8.2     -8.24   -6.88   -0.0      0.3       0.0     0.3    0.3    0.3    0.3    -6.88  -6.88
                 GR trace -25..+60 ms:
                 -25 ms   -0.0  -0.0  -0.0  -0.0  -0.0  -0.0  -0.0  -0.0  -0.0  -0.0  -0.0  -0.0  -0.0  -0.0  -0.0  -0.0  -0.0  -0.0  -0.0  -0.0
                  -5 ms   -0.0  -0.0  -0.0  -0.0  -0.7  -3.3  -0.2  -0.2  -0.2  -0.2  -0.1  -0.1  -0.1  -0.1  -0.1  -0.1  -0.1  -0.1  -0.1  -0.1
                 +15 ms   -0.1  -0.1  -0.1  -0.1  -0.1  -0.0  -0.0  -0.0  -0.0  -0.0  -0.0  -0.0  -0.0  -0.0  -0.0  -0.0  -0.0  -0.0  -0.0  -0.0
                 +35 ms   -0.0  -0.0  -0.0  -0.0  -0.0  -0.0  -0.0  -0.0  -0.0  -0.0  -0.0  -0.0  -0.0  -0.0  -0.0  -0.0  -0.0  -0.0  -0.0  -0.0
                 +55 ms   -0.0  -0.0  -0.0  -0.0  -0.0  -0.0
              1    3.60    8.2     -8.35   -7.95   -0.0      0.3       0.0     0.3    0.7    0.7    0.7    -7.95  -7.95
                 GR trace -25..+60 ms:
                 -25 ms   -0.0  -0.0  -0.0  -0.0  -0.0  -0.0  -0.0  -0.0  -0.0  -0.0  -0.0  -0.0  -0.0  -0.0  -0.0  -0.0  -0.0  -0.0  -0.0  -0.0
                  -5 ms   -0.0  -0.0  -0.0  -0.0  -0.1  -6.9  -0.5  -0.4  -0.4  -0.4  -0.3  -0.3  -0.3  -0.3  -0.2  -0.2  -0.2  -0.2  -0.2  -0.2
                 +15 ms   -0.2  -0.1  -0.1  -0.1  -0.1  -0.1  -0.1  -0.1  -0.1  -0.1  -0.1  -0.1  -0.1  -0.1  -0.1  -0.1  -0.1  -0.1  -0.0  -0.0
                 +35 ms   -0.0  -0.0  -0.0  -0.0  -0.0  -0.0  -0.0  -0.0  -0.0  -0.0  -0.0  -0.0  -0.0  -0.0  -0.0  -0.0  -0.0  -0.0  -0.0  -0.0
                 +55 ms   -0.0  -0.0  -0.0  -0.0  -0.0  -0.0
              2    6.10    8.2     -8.24   -7.54   -0.0      0.0       0.0     0.3    1.7    1.7   10.0    -7.54  -7.54
                 GR trace -25..+60 ms:
                 -25 ms   -0.0  -0.0  -0.0  -0.0  -0.0  -0.0  -0.0  -0.0  -0.0  -0.0  -0.0  -0.0  -0.0  -0.0  -0.0  -0.0  -0.0  -0.0  -0.0  -0.0
                  -5 ms   -0.0  -0.0  -0.0  -0.0  -0.0  -6.5  -6.6  -1.5  -1.4  -1.2  -1.1  -1.0  -0.9  -0.9  -0.8  -0.7  -0.7  -0.6  -0.6  -0.5
                 +15 ms   -0.5  -0.5  -0.4  -0.4  -0.4  -0.3  -0.3  -0.3  -0.3  -0.3  -0.2  -0.2  -0.2  -0.2  -0.2  -0.2  -0.2  -0.2  -0.2  -0.2
                 +35 ms   -0.1  -0.1  -0.1  -0.1  -0.1  -0.1  -0.1  -0.1  -0.1  -0.1  -0.1  -0.1  -0.1  -0.1  -0.1  -0.1  -0.1  -0.1  -0.1  -0.1
                 +55 ms   -0.1  -0.1  -0.1  -0.1  -0.1  -0.1
              3    8.60    8.2     -8.24   -7.55   -0.0      0.0       0.0     0.3   12.3   15.3   36.0    -7.55  -7.55
                 GR trace -25..+60 ms:
                 -25 ms   -0.0  -0.0  -0.0  -0.0  -0.0  -0.0  -0.0  -0.0  -0.0  -0.0  -0.0  -0.0  -0.0  -0.0  -0.0  -0.0  -0.0  -0.0  -0.0  -0.0
                  -5 ms   -0.0  -0.0  -0.0  -0.0  -0.0  -6.5  -6.9  -6.9  -6.9  -6.9  -6.9  -6.9  -6.9  -6.9  -6.8  -5.0  -4.4  -3.9  -3.5  -3.1
                 +15 ms   -2.9  -2.6  -2.4  -2.2  -2.0  -1.9  -1.7  -1.6  -1.5  -1.4  -1.3  -1.2  -1.2  -1.1  -1.0  -1.0  -0.9  -0.9  -0.9  -0.8
                 +35 ms   -0.8  -0.8  -0.7  -0.7  -0.7  -0.6  -0.6  -0.6  -0.6  -0.6  -0.6  -0.5  -0.5  -0.5  -0.5  -0.5  -0.5  -0.5  -0.5  -0.5
                 +55 ms   -0.4  -0.4  -0.4  -0.4  -0.4  -0.4
              4   11.10    8.2     -8.24   -7.97   -0.0      0.0       0.0    27.7   39.0   51.0  450.0    -7.97  -7.97
                 GR trace -25..+60 ms:
                 -25 ms   -0.0  -0.0  -0.0  -0.0  -0.0  -0.0  -0.0  -0.0  -0.0  -0.0  -0.0  -0.0  -0.0  -0.0  -0.0  -0.0  -0.0  -0.0  -0.0  -0.0
                  -5 ms   -0.0  -0.0  -0.0  -0.0  -0.0  -6.5  -6.9  -6.9  -6.9  -6.9  -6.9  -6.9  -6.9  -6.9  -7.0  -7.1  -7.1  -7.2  -7.3  -7.4
                 +15 ms   -7.4  -7.5  -7.5  -7.6  -7.6  -7.6  -7.7  -7.7  -7.7  -7.7  -7.7  -7.7  -7.7  -7.8  -7.8  -7.8  -7.8  -7.8  -7.8  -7.8
                 +35 ms   -7.8  -7.8  -7.8  -7.8  -7.8  -7.8  -7.8  -7.8  -7.8  -7.8  -7.8  -7.8  -7.8  -7.8  -7.8  -7.0  -6.5  -6.1  -5.7  -5.4
                 +55 ms   -5.1  -4.9  -4.7  -4.5  -4.3  -4.1
              5   13.60    8.2     -8.24   -7.97   -0.1      0.0       0.0   183.3  301.0  402.0 1176.7    -7.97  -7.97
                 GR trace -25..+60 ms:
                 -25 ms   -0.1  -0.1  -0.1  -0.1  -0.1  -0.1  -0.1  -0.1  -0.1  -0.1  -0.1  -0.1  -0.1  -0.1  -0.1  -0.1  -0.1  -0.1  -0.1  -0.1
                  -5 ms   -0.1  -0.1  -0.1  -0.1  -0.1  -6.5  -6.9  -6.9  -6.9  -6.9  -6.9  -6.9  -6.9  -6.9  -7.0  -7.1  -7.2  -7.2  -7.3  -7.4
                 +15 ms   -7.4  -7.5  -7.5  -7.6  -7.6  -7.6  -7.7  -7.7  -7.7  -7.7  -7.7  -7.7  -7.7  -7.8  -7.8  -7.8  -7.8  -7.8  -7.8  -7.8
                 +35 ms   -7.8  -7.8  -7.8  -7.8  -7.8  -7.8  -7.8  -7.8  -7.8  -7.8  -7.8  -7.8  -7.8  -7.8  -7.8  -7.8  -7.8  -7.8  -7.8  -7.8
                 +55 ms   -7.8  -7.8  -7.8  -7.8  -7.8  -7.8
              6   16.10    8.2     -8.24   -7.97   -0.2      0.0       0.0  1009.3 1153.7 1257.3 1972.3    -7.97  -7.97
                 GR trace -25..+60 ms:
                 -25 ms   -0.2  -0.2  -0.2  -0.2  -0.2  -0.2  -0.2  -0.2  -0.2  -0.2  -0.2  -0.2  -0.2  -0.2  -0.2  -0.2  -0.2  -0.2  -0.2  -0.2
                  -5 ms   -0.2  -0.2  -0.2  -0.2  -0.2  -6.5  -6.9  -6.9  -6.9  -6.9  -6.9  -6.9  -6.9  -6.9  -7.0  -7.1  -7.2  -7.3  -7.3  -7.4
                 +15 ms   -7.4  -7.5  -7.5  -7.6  -7.6  -7.6  -7.7  -7.7  -7.7  -7.7  -7.7  -7.7  -7.7  -7.8  -7.8  -7.8  -7.8  -7.8  -7.8  -7.8
                 +35 ms   -7.8  -7.8  -7.8  -7.8  -7.8  -7.8  -7.8  -7.8  -7.8  -7.8  -7.8  -7.8  -7.8  -7.8  -7.8  -7.8  -7.8  -7.8  -7.8  -7.8
                 +55 ms   -7.8  -7.8  -7.8  -7.8  -7.8  -7.8
              7   18.60    4.0     -4.04   -3.33   -0.6      0.3       0.0     0.3    0.3    0.3    0.3    -3.33  -3.33
                 GR trace -25..+60 ms:
                 -25 ms   -0.6  -0.6  -0.6  -0.6  -0.6  -0.6  -0.6  -0.6  -0.6  -0.6  -0.6  -0.6  -0.6  -0.6  -0.6  -0.6  -0.6  -0.6  -0.6  -0.6
                  -5 ms   -0.6  -0.6  -0.6  -0.6  -1.0  -1.7  -0.7  -0.7  -0.7  -0.7  -0.6  -0.6  -0.6  -0.6  -0.6  -0.6  -0.6  -0.6  -0.6  -0.6
                 +15 ms   -0.6  -0.6  -0.6  -0.6  -0.6  -0.6  -0.6  -0.6  -0.6  -0.6  -0.6  -0.6  -0.6  -0.6  -0.6  -0.6  -0.6  -0.6  -0.6  -0.6
                 +35 ms   -0.6  -0.6  -0.6  -0.6  -0.6  -0.6  -0.6  -0.6  -0.6  -0.6  -0.6  -0.6  -0.5  -0.5  -0.5  -0.5  -0.5  -0.5  -0.5  -0.5
                 +55 ms   -0.5  -0.5  -0.5  -0.5  -0.5  -0.5
              8   21.10    4.0     -4.19   -3.81   -0.0      0.0       0.0     0.3    0.7    0.7    0.7    -3.81  -3.81
                 GR trace -25..+60 ms:
                 -25 ms   -0.0  -0.0  -0.0  -0.0  -0.0  -0.0  -0.0  -0.0  -0.0  -0.0  -0.0  -0.0  -0.0  -0.0  -0.0  -0.0  -0.0  -0.0  -0.0  -0.0
                  -5 ms   -0.0  -0.0  -0.0  -0.0  -0.1  -3.1  -0.3  -0.3  -0.3  -0.2  -0.2  -0.2  -0.2  -0.2  -0.2  -0.2  -0.2  -0.1  -0.1  -0.1
                 +15 ms   -0.1  -0.1  -0.1  -0.1  -0.1  -0.1  -0.1  -0.1  -0.1  -0.1  -0.1  -0.1  -0.1  -0.1  -0.1  -0.1  -0.1  -0.1  -0.1  -0.1
                 +35 ms   -0.1  -0.1  -0.1  -0.1  -0.1  -0.1  -0.1  -0.1  -0.1  -0.1  -0.1  -0.1  -0.1  -0.1  -0.1  -0.1  -0.1  -0.1  -0.1  -0.1
                 +55 ms   -0.1  -0.1  -0.1  -0.1  -0.1  -0.1
              9   23.60    4.0     -4.04   -3.54   -0.0      0.0       0.0     0.3    1.3    1.3    5.3    -3.54  -3.54
                 GR trace -25..+60 ms:
                 -25 ms   -0.0  -0.0  -0.0  -0.0  -0.0  -0.0  -0.0  -0.0  -0.0  -0.0  -0.0  -0.0  -0.0  -0.0  -0.0  -0.0  -0.0  -0.0  -0.0  -0.0
                  -5 ms   -0.0  -0.0  -0.0  -0.0  -0.0  -2.4  -2.6  -0.5  -0.4  -0.4  -0.4  -0.3  -0.3  -0.3  -0.3  -0.2  -0.2  -0.2  -0.2  -0.2
                 +15 ms   -0.2  -0.2  -0.1  -0.1  -0.1  -0.1  -0.1  -0.1  -0.1  -0.1  -0.1  -0.1  -0.1  -0.1  -0.1  -0.1  -0.1  -0.1  -0.1  -0.1
                 +35 ms   -0.1  -0.1  -0.0  -0.0  -0.0  -0.0  -0.0  -0.0  -0.0  -0.0  -0.0  -0.0  -0.0  -0.0  -0.0  -0.0  -0.0  -0.0  -0.0  -0.0
                 +55 ms   -0.0  -0.0  -0.0  -0.0  -0.0  -0.0
             10   26.10    4.0     -4.04   -3.73   -0.0      0.0       0.0     0.3    4.0    7.3   26.0    -3.73  -3.73
                 GR trace -25..+60 ms:
                 -25 ms   -0.0  -0.0  -0.0  -0.0  -0.0  -0.0  -0.0  -0.0  -0.0  -0.0  -0.0  -0.0  -0.0  -0.0  -0.0  -0.0  -0.0  -0.0  -0.0  -0.0
                  -5 ms   -0.0  -0.0  -0.0  -0.0  -0.0  -2.4  -2.9  -3.0  -3.1  -3.2  -3.2  -3.3  -3.3  -3.4  -3.2  -1.8  -1.7  -1.5  -1.4  -1.3
                 +15 ms   -1.2  -1.1  -1.0  -0.9  -0.9  -0.8  -0.7  -0.7  -0.6  -0.6  -0.6  -0.5  -0.5  -0.5  -0.4  -0.4  -0.4  -0.4  -0.3  -0.3
                 +35 ms   -0.3  -0.3  -0.3  -0.3  -0.3  -0.3  -0.2  -0.2  -0.2  -0.2  -0.2  -0.2  -0.2  -0.2  -0.2  -0.2  -0.2  -0.2  -0.2  -0.2
                 +55 ms   -0.2  -0.2  -0.2  -0.1  -0.1  -0.1
             11   28.60    4.0     -4.04   -3.84   -0.0      0.0       0.0     0.3   40.7   47.0  215.0    -3.84  -3.84
                 GR trace -25..+60 ms:
                 -25 ms   -0.0  -0.0  -0.0  -0.0  -0.0  -0.0  -0.0  -0.0  -0.0  -0.0  -0.0  -0.0  -0.0  -0.0  -0.0  -0.0  -0.0  -0.0  -0.0  -0.0
                  -5 ms   -0.0  -0.0  -0.0  -0.0  -0.0  -2.4  -2.9  -3.0  -3.1  -3.2  -3.2  -3.3  -3.3  -3.4  -3.4  -3.4  -3.5  -3.5  -3.5  -3.5
                 +15 ms   -3.5  -3.5  -3.6  -3.6  -3.6  -3.6  -3.6  -3.6  -3.6  -3.6  -3.6  -3.6  -3.6  -3.6  -3.6  -3.6  -3.6  -3.6  -3.6  -3.7
                 +35 ms   -3.7  -3.7  -3.7  -3.7  -3.7  -3.7  -3.7  -3.7  -3.7  -3.7  -3.7  -3.7  -3.7  -3.7  -3.6  -2.7  -2.5  -2.4  -2.2  -2.1
                 +55 ms   -2.0  -1.9  -1.8  -1.7  -1.6  -1.5
             12   31.10    4.0     -4.04   -3.84   -0.0      0.0       0.0     0.3  229.0  303.7  905.7    -3.84  -3.84
                 GR trace -25..+60 ms:
                 -25 ms   -0.0  -0.0  -0.0  -0.0  -0.0  -0.0  -0.0  -0.0  -0.0  -0.0  -0.0  -0.0  -0.0  -0.0  -0.0  -0.0  -0.0  -0.0  -0.0  -0.0
                  -5 ms   -0.0  -0.0  -0.0  -0.0  -0.0  -2.4  -2.9  -3.0  -3.1  -3.2  -3.2  -3.3  -3.3  -3.4  -3.4  -3.4  -3.5  -3.5  -3.5  -3.5
                 +15 ms   -3.5  -3.6  -3.6  -3.6  -3.6  -3.6  -3.6  -3.6  -3.6  -3.6  -3.6  -3.6  -3.6  -3.6  -3.6  -3.6  -3.6  -3.6  -3.7  -3.7
                 +35 ms   -3.7  -3.7  -3.7  -3.7  -3.7  -3.7  -3.7  -3.7  -3.7  -3.7  -3.7  -3.7  -3.7  -3.7  -3.7  -3.7  -3.7  -3.7  -3.7  -3.7
                 +55 ms   -3.7  -3.7  -3.7  -3.7  -3.7  -3.7
             13   33.60    4.0     -4.04   -3.84   -0.1      0.0       0.0     0.3 1081.3 1165.3 1763.0    -3.84  -3.84
                 GR trace -25..+60 ms:
                 -25 ms   -0.1  -0.1  -0.1  -0.1  -0.1  -0.1  -0.1  -0.1  -0.1  -0.1  -0.1  -0.1  -0.1  -0.1  -0.1  -0.1  -0.1  -0.1  -0.1  -0.1
                  -5 ms   -0.1  -0.1  -0.1  -0.1  -0.1  -2.4  -2.9  -3.0  -3.1  -3.2  -3.2  -3.3  -3.3  -3.4  -3.4  -3.4  -3.5  -3.5  -3.5  -3.5
                 +15 ms   -3.5  -3.6  -3.6  -3.6  -3.6  -3.6  -3.6  -3.6  -3.6  -3.6  -3.6  -3.6  -3.6  -3.6  -3.6  -3.7  -3.7  -3.7  -3.7  -3.7
                 +35 ms   -3.7  -3.7  -3.7  -3.7  -3.7  -3.7  -3.7  -3.7  -3.7  -3.7  -3.7  -3.7  -3.7  -3.7  -3.7  -3.7  -3.7  -3.7  -3.7  -3.7
                 +55 ms   -3.7  -3.7  -3.7  -3.7  -3.7  -3.7
ROW case=probe_transients tag=proL2 aligned=1 offset=0 outI=-5.06 inI=-1.95 tp=-0.04 overs=0 edgeOvers=0 meterTp=-0.04 meterOvers=0 grMean=-0.83 grStd=1.79 crestOut=4.1 hits=14 retMed=-6.21 t63med=11.3 t90med=31.0 lrStd=0.00

==== limiter_ab_guard analyse: GREEN (0 problem(s)) ====
limiter_ab_guard analyse docs/limiter_ab/renders/styles/punchy  gain +8.2 dB  ceiling +0.0 dB

#### case tone_50: source docs/limiter_ab/renders/styles/punchy/source_tone_50.wav (float32, 48000 Hz, 2 ch, 25.20 s)

== case tone_50            tag proL2       48000 Hz  1209600 frames  offset +0 samples (0.00 ms)  corr 1.000 1.000
  gain +8.2 dB  ceiling +0.0 dB
  loudness   in+gain  I 0.20 LUFS  Mmax 3.5  Smax 3.5   |  out  I -4.43 LUFS  Mmax -3.9  Smax -4.1   |  S std 2.82 -> 0.39 LU
  peaks      sample -0.04 dBFS  TRUE PEAK (arbiter, exact) -0.03 dBTP  overs above ceiling+0.02 dB: 0  [96-tap meter: -0.04 dBTP, 0 overs at +0.05]
  dynamics   GR mean -3.47 dB  max -7.63  std 2.83  p2p 7.62  |  crest in 3.4 -> out 2.9 dB  |  L-R GR std 0.00 dB
  tone       seg  file dB   out RMS   GR steady   fund    THD     THD+N   h2     h3     h4     h5   | imd 1k   2k   18k   21k
              0    -8.2      -3.0     -0.01       3.0   -63.8   -61.0 -118.0  -69.1 -126.0  -69.7  |    n/a    n/a    n/a    n/a
              1    -5.2      -2.5     -2.37       3.5   -28.0   -27.9 -118.0  -29.8 -126.0  -33.7  |    n/a    n/a    n/a    n/a
              2    -2.2      -2.4     -5.24       3.6   -26.2   -26.2 -118.0  -27.7 -126.1  -32.3  |    n/a    n/a    n/a    n/a
              3    +0.0      -2.4     -7.44       3.6   -26.2   -26.1 -118.0  -27.7 -126.1  -32.2  |    n/a    n/a    n/a    n/a
              4    -2.2      -2.4     -5.24       3.6   -26.2   -26.2 -118.0  -27.7 -126.1  -32.3  |    n/a    n/a    n/a    n/a
              5    -8.2      -3.2     -0.18       2.8  -115.2   -89.7 -118.0 -121.6 -126.0 -127.8  |    n/a    n/a    n/a    n/a
  steps      t(s)   GR from -> to     t10    t50    t90 (ms)
               4.6    -0.01 ->  -2.37      2.0    3.0    4.0
               8.6    -2.37 ->  -5.24    -26.0    3.0    3.0
              12.6    -5.24 ->  -7.44    -26.0    3.0    3.0
              16.6    -7.44 ->  -5.24    -30.0   18.0  132.0
              20.6    -5.24 ->  -0.09      4.0  122.0  979.0
ROW case=tone_50 tag=proL2 aligned=1 offset=0 outI=-4.43 inI=0.20 tp=-0.03 overs=0 edgeOvers=0 meterTp=-0.04 meterOvers=0 grMean=-3.47 grStd=2.83 crestOut=2.9 hits=0 retMed=  n/a t63med=  n/a t90med=  n/a lrStd=0.00 thdMax=-26.2 thdnMax=-26.1

==== limiter_ab_guard analyse: GREEN (0 problem(s)) ====
limiter_ab_guard analyse docs/limiter_ab/renders/styles/punchy  gain +8.2 dB  ceiling +0.0 dB

#### case tone_997: source docs/limiter_ab/renders/styles/punchy/source_tone_997.wav (float32, 48000 Hz, 2 ch, 25.20 s)

== case tone_997           tag proL2       48000 Hz  1209600 frames  offset +0 samples (0.00 ms)  corr 1.000 1.000
  gain +8.2 dB  ceiling +0.0 dB
  loudness   in+gain  I 4.84 LUFS  Mmax 8.2  Smax 8.2   |  out  I -0.20 LUFS  Mmax 0.0  Smax -0.0   |  S std 2.82 -> 0.24 LU
  peaks      sample -0.04 dBFS  TRUE PEAK (arbiter, exact) 0.00 dBTP  overs above ceiling+0.02 dB: 0  [96-tap meter: -0.02 dBTP, 0 overs at +0.05]
  dynamics   GR mean -3.86 dB  max -8.21  std 3.07  p2p 8.21  |  crest in 3.4 -> out 3.3 dB  |  L-R GR std 0.00 dB
  tone       seg  file dB   out RMS   GR steady   fund    THD     THD+N   h2     h3     h4     h5   | imd 1k   2k   18k   21k
              0    -8.2      -3.0     -0.03       3.0   -73.3   -71.6 -146.2  -73.4 -156.9  -90.5  |    n/a    n/a    n/a    n/a
              1    -5.2      -3.0     -2.99       3.0   -46.3   -46.3 -146.1  -46.3 -156.6  -73.7  |    n/a    n/a    n/a    n/a
              2    -2.2      -3.0     -6.00       3.0   -48.8   -48.8 -146.1  -48.8 -156.6  -73.1  |    n/a    n/a    n/a    n/a
              3    +0.0      -3.0     -8.21       3.0   -52.4   -52.3 -145.9  -52.4 -156.7  -74.0  |    n/a    n/a    n/a    n/a
              4    -2.2      -3.0     -6.00       3.0   -48.8   -48.8 -146.0  -48.8 -156.9  -73.1  |    n/a    n/a    n/a    n/a
              5    -8.2      -3.2     -0.22       2.8  -144.9   -90.5 -146.4 -153.2 -157.3 -159.8  |    n/a    n/a    n/a    n/a
  steps      t(s)   GR from -> to     t10    t50    t90 (ms)
               4.6    -0.03 ->  -2.99      0.0    0.0    0.0
               8.6    -2.99 ->  -6.00      0.0    0.0    0.0
              12.6    -6.00 ->  -8.21      0.0    0.0    3.0
              16.6    -8.21 ->  -6.00     14.0  116.0  426.0
              20.6    -6.00 ->  -0.11     22.0  160.0  966.0
ROW case=tone_997 tag=proL2 aligned=1 offset=0 outI=-0.20 inI=4.84 tp=0.00 overs=0 edgeOvers=0 meterTp=-0.02 meterOvers=0 grMean=-3.86 grStd=3.07 crestOut=3.3 hits=0 retMed=  n/a t63med=  n/a t90med=  n/a lrStd=0.00 thdMax=-52.4 thdnMax=-52.3

==== limiter_ab_guard analyse: GREEN (0 problem(s)) ====
