limiter_ab_guard analyse docs/limiter_ab/renders  gain +8.2 dB  ceiling +0.0 dB

#### case fullmix: source docs/limiter_ab/renders/source_fullmix.wav (pcm24, 48000 Hz, 2 ch, 58.18 s)

== case fullmix            tag echojay     48000 Hz  2792619 frames  offset +108 samples (2.25 ms)  corr 1.000 1.000 1.000 1.000 1.000 1.000 1.000 0.998
  gain +8.2 dB  ceiling +0.0 dB
  loudness   in+gain  I -12.60 LUFS  Mmax -8.9  Smax -10.8   |  out  I -12.61 LUFS  Mmax -9.3  Smax -10.9   |  S std 1.77 -> 1.72 LU
  peaks      sample -0.20 dBFS  TRUE PEAK -0.18 dBTP  overs above ceiling+0.05 dB: 0
  dynamics   GR mean 0.06 dB  max -1.35  std 0.14  p2p 1.47  |  crest in 11.4 -> out 11.2 dB  |  L-R GR std 0.02 dB
  hits       15 detected
              #    t(s)   over   retained   GRmin   base   pre(ms)   hold(ms)    t10    t50    t63    t90 (ms)   dipL   dipR
              0    0.07   -0.0     -0.33   -0.33    0.0      n/a       n/a     n/a    n/a    n/a    n/a    -0.33  -0.33
                 GR trace -25..+60 ms:
                 -25 ms    n/a   n/a   n/a   n/a   n/a   n/a   n/a   n/a   n/a   n/a   n/a   n/a   n/a   n/a   n/a   n/a   n/a   n/a   n/a   n/a
                  -5 ms    0.1   0.1   0.1   0.1   0.1   0.1   0.1   0.1   0.1   0.1   0.1  -0.2  -0.3  -0.3  -0.3  -0.3  -0.3  -0.3  -0.3  -0.3
                 +15 ms   -0.3  -0.3  -0.3  -0.3  -0.2  -0.2  -0.2  -0.2  -0.2  -0.2  -0.2  -0.2  -0.2  -0.2  -0.2  -0.2  -0.2  -0.2  -0.2  -0.1
                 +35 ms   -0.1  -0.1  -0.1  -0.1  -0.1  -0.1  -0.1  -0.1  -0.1  -0.1  -0.1  -0.1  -0.1  -0.1  -0.1  -0.1  -0.1  -0.1  -0.1  -0.1
                 +55 ms   -0.1  -0.1  -0.0  -0.0  -0.0  -0.0
              1    1.43   -3.4      0.12    0.12    0.1      n/a       n/a     n/a    n/a    n/a    n/a     0.12   0.12
                 GR trace -25..+60 ms:
                 -25 ms    0.1   0.1   0.1   0.1   0.1   0.1   0.1   0.1   0.1   0.1   0.1   0.1   0.1   0.1   0.1   0.1   0.1   0.1   0.1   0.1
                  -5 ms    0.1   0.1   0.1   0.1   0.1   0.1   0.1   0.1   0.1   0.1   0.1   0.1   0.1   0.1   0.1   0.1   0.1   0.1   0.1   0.1
                 +15 ms    0.1   0.1   0.1   0.1   0.1   0.1   0.1   0.1   0.1   0.1   0.1   0.1   0.1   0.1   0.1   0.1   0.1   0.1   0.1   0.1
                 +35 ms    0.1   0.1   0.1   0.1   0.1   0.1   0.1   0.1   0.1   0.1   0.1   0.1   0.1   0.1   0.1   0.1   0.1   0.1   0.1   0.1
                 +55 ms    0.1   0.1   0.1   0.1   0.1   0.1
              2    3.71    0.3     -0.53   -0.53    0.1      n/a       n/a     n/a    n/a    n/a    n/a    -0.53  -0.53
                 GR trace -25..+60 ms:
                 -25 ms    0.1   0.1   0.1   0.1   0.1   0.1   0.1   0.1   0.1   0.1   0.1   0.1   0.1   0.1   0.1   0.1   0.1   0.1   0.1   0.1
                  -5 ms    0.1   0.1   0.1   0.1   0.1   0.1   0.1   0.1   0.1   0.1  -0.4  -0.5  -0.5  -0.5  -0.5  -0.5  -0.5  -0.5  -0.5  -0.4
                 +15 ms   -0.4  -0.4  -0.4  -0.4  -0.4  -0.4  -0.4  -0.4  -0.3  -0.3  -0.3  -0.3  -0.3  -0.3  -0.3  -0.3  -0.3  -0.3  -0.3  -0.3
                 +35 ms   -0.2  -0.2  -0.2  -0.2  -0.2  -0.2  -0.2  -0.2  -0.2  -0.2  -0.2  -0.2  -0.2  -0.2  -0.2  -0.1  -0.1  -0.1  -0.1  -0.1
                 +55 ms   -0.1  -0.1  -0.1  -0.1  -0.1  -0.1
              3    8.70   -0.5      0.12    0.12    0.1      n/a       n/a     n/a    n/a    n/a    n/a     0.12   0.12
                 GR trace -25..+60 ms:
                 -25 ms    0.1   0.1   0.1   0.1   0.1   0.1   0.1   0.1   0.1   0.1   0.1   0.1   0.1   0.1   0.1   0.1   0.1   0.1   0.1   0.1
                  -5 ms    0.1   0.1   0.1   0.1   0.1   0.1   0.1   0.1   0.1   0.1   0.1   0.1   0.1   0.1   0.1   0.1   0.1   0.1   0.1   0.1
                 +15 ms    0.1   0.1   0.1   0.1   0.1   0.1   0.1   0.1   0.1   0.1   0.1   0.1   0.1   0.1   0.1   0.1   0.1   0.1   0.1   0.1
                 +35 ms    0.1   0.1   0.1   0.1   0.1   0.1   0.1   0.1   0.1   0.1   0.1   0.1   0.1   0.1   0.1   0.1   0.1   0.1   0.1   0.1
                 +55 ms    0.1   0.1   0.1   0.1   0.1   0.1
              4   15.96  -10.1      0.12    0.12    0.1      n/a       n/a     n/a    n/a    n/a    n/a     0.12   0.12
                 GR trace -25..+60 ms:
                 -25 ms    0.1   0.1   0.1   0.1   0.1   0.1   0.1   0.1   0.1   0.1   0.1   0.1   0.1   0.1   0.1   0.1   0.1   0.1   0.1   0.1
                  -5 ms    0.1   0.1   0.1   0.1   0.1   0.1   0.1   0.1   0.1   0.1   0.1   0.1   0.1   0.1   0.1   0.1   0.1   0.1   0.1   0.1
                 +15 ms    0.1   0.1   0.1   0.1   0.1   0.1   0.1   0.1   0.1   0.1   0.1   0.1   0.1   0.1   0.1   0.1   0.1   0.1   0.1   0.1
                 +35 ms    0.1   0.1   0.1   0.1   0.1   0.1   0.1   0.1   0.1   0.1   0.1   0.1   0.1   0.1   0.1   0.1   0.1   0.1   0.1   0.1
                 +55 ms    0.1   0.1   0.1   0.1   0.1   0.1
              5   17.65   -7.9      0.12    0.12    0.1      n/a       n/a     n/a    n/a    n/a    n/a     0.12   0.12
                 GR trace -25..+60 ms:
                 -25 ms    0.1   0.1   0.1   0.1   0.1   0.1   0.1   0.1   0.1   0.1   0.1   0.1   0.1   0.1   0.1   0.1   0.1   0.1   0.1   0.1
                  -5 ms    0.1   0.1   0.1   0.1   0.1   0.1   0.1   0.1   0.1   0.1   0.1   0.1   0.1   0.1   0.1   0.1   0.1   0.1   0.1   0.1
                 +15 ms    0.1   0.1   0.1   0.1   0.1   0.1   0.1   0.1   0.1   0.1   0.1   0.1   0.1   0.1   0.1   0.1   0.1   0.1   0.1   0.1
                 +35 ms    0.1   0.1   0.1   0.1   0.1   0.1   0.1   0.1   0.1   0.1   0.1   0.1   0.1   0.1   0.1   0.1   0.1   0.1   0.1   0.1
                 +55 ms    0.1   0.1   0.1   0.1   0.1   0.1
              6   18.25   -0.2     -0.14   -0.14    0.1      n/a       n/a     n/a    n/a    n/a    n/a    -0.14  -0.14
                 GR trace -25..+60 ms:
                 -25 ms    0.1   0.1   0.1   0.1   0.1   0.1   0.1   0.1   0.1   0.1   0.1   0.1   0.1   0.1   0.1   0.1   0.1   0.1   0.1   0.1
                  -5 ms    0.1   0.1   0.1   0.1   0.1   0.1   0.1   0.1   0.1   0.1   0.1  -0.1  -0.1  -0.1  -0.1  -0.1  -0.1  -0.1  -0.1  -0.1
                 +15 ms   -0.1  -0.1  -0.1  -0.1  -0.1  -0.1  -0.1  -0.1  -0.1  -0.1  -0.1  -0.1  -0.1  -0.1  -0.0  -0.0  -0.0  -0.0  -0.0  -0.0
                 +35 ms   -0.0  -0.0  -0.0  -0.0  -0.0  -0.0  -0.0  -0.0  -0.0  -0.0  -0.0   0.0   0.0   0.0   0.0   0.0   0.0   0.0   0.0   0.0
                 +55 ms    0.0   0.0   0.0   0.0   0.0   0.0
              7   24.61   -1.8      0.12    0.12    0.1      n/a       n/a     n/a    n/a    n/a    n/a     0.12   0.12
                 GR trace -25..+60 ms:
                 -25 ms    0.1   0.1   0.1   0.1   0.1   0.1   0.1   0.1   0.1   0.1   0.1   0.1   0.1   0.1   0.1   0.1   0.1   0.1   0.1   0.1
                  -5 ms    0.1   0.1   0.1   0.1   0.1   0.1   0.1   0.1   0.1   0.1   0.1   0.1   0.1   0.1   0.1   0.1   0.1   0.1   0.1   0.1
                 +15 ms    0.1   0.1   0.1   0.1   0.1   0.1   0.1   0.1   0.1   0.1   0.1   0.1   0.1   0.1   0.1   0.1   0.1   0.1   0.1   0.1
                 +35 ms    0.1   0.1   0.1   0.1   0.1   0.1   0.1   0.1   0.1   0.1   0.1   0.1   0.1   0.1   0.1   0.1   0.1   0.1   0.1   0.1
                 +55 ms    0.1   0.1   0.1   0.1   0.1   0.1
              8   25.29   -2.5      0.12    0.12    0.1      n/a       n/a     n/a    n/a    n/a    n/a     0.12   0.12
                 GR trace -25..+60 ms:
                 -25 ms    0.1   0.1   0.1   0.1   0.1   0.1   0.1   0.1   0.1   0.1   0.1   0.1   0.1   0.1   0.1   0.1   0.1   0.1   0.1   0.1
                  -5 ms    0.1   0.1   0.1   0.1   0.1   0.1   0.1   0.1   0.1   0.1   0.1   0.1   0.1   0.1   0.1   0.1   0.1   0.1   0.1   0.1
                 +15 ms    0.1   0.1   0.1   0.1   0.1   0.1   0.1   0.1   0.1   0.1   0.1   0.1   0.1   0.1   0.1   0.1   0.1   0.1   0.1   0.1
                 +35 ms    0.1   0.1   0.1   0.1   0.1   0.1   0.1   0.1   0.1   0.1   0.1   0.1   0.1   0.1   0.1   0.1   0.1   0.1   0.1   0.1
                 +55 ms    0.1   0.1   0.1   0.1   0.1   0.1
              9   30.07    1.9     -2.53   -2.53    0.1      0.0       6.7     4.7   37.3   52.7  115.7    -2.53  -2.53
                 GR trace -25..+60 ms:
                 -25 ms    0.1   0.1   0.1   0.1   0.1   0.1   0.1   0.1   0.1   0.1   0.1   0.1   0.1   0.1   0.1   0.1   0.1   0.1   0.1   0.1
                  -5 ms    0.1   0.1   0.1   0.1   0.0  -2.4  -2.5  -2.5  -2.5  -2.5  -2.4  -2.4  -2.3  -2.3  -2.3  -2.3  -2.3  -2.2  -2.2  -2.2
                 +15 ms   -2.1  -2.1  -2.0  -2.0  -1.9  -1.9  -1.9  -1.8  -1.8  -1.7  -1.7  -1.7  -1.7  -1.6  -1.6  -1.5  -1.5  -1.5  -1.5  -1.5
                 +35 ms   -1.5  -1.4  -1.4  -1.4  -1.3  -1.3  -1.3  -1.2  -1.2  -1.2  -1.2  -1.2  -1.1  -1.1  -1.1  -1.1  -1.0  -1.0  -1.0  -1.0
                 +55 ms   -0.9  -0.9  -0.9  -0.9  -0.9  -0.8
             10   32.80   -0.5      0.12    0.12    0.1      n/a       n/a     n/a    n/a    n/a    n/a     0.12   0.12
                 GR trace -25..+60 ms:
                 -25 ms    0.1   0.1   0.1   0.1   0.1   0.1   0.1   0.1   0.1   0.1   0.1   0.1   0.1   0.1   0.1   0.1   0.1   0.1   0.1   0.1
                  -5 ms    0.1   0.1   0.1   0.1   0.1   0.1   0.1   0.1   0.1   0.1   0.1   0.1   0.1   0.1   0.1   0.1   0.1   0.1   0.1   0.1
                 +15 ms    0.1   0.1   0.1   0.1   0.1   0.1   0.1   0.1   0.1   0.1   0.1   0.1   0.1   0.1   0.1   0.1   0.1   0.1   0.1   0.1
                 +35 ms    0.1   0.1   0.1   0.1   0.1   0.1   0.1   0.1   0.1   0.1   0.1   0.1   0.1   0.1   0.1   0.1   0.1   0.1   0.1   0.1
                 +55 ms    0.1   0.1   0.1   0.1   0.1   0.1
             11   39.93   -3.4      0.12    0.12    0.1      n/a       n/a     n/a    n/a    n/a    n/a     0.12   0.12
                 GR trace -25..+60 ms:
                 -25 ms    0.1   0.1   0.1   0.1   0.1   0.1   0.1   0.1   0.1   0.1   0.1   0.1   0.1   0.1   0.1   0.1   0.1   0.1   0.1   0.1
                  -5 ms    0.1   0.1   0.1   0.1   0.1   0.1   0.1   0.1   0.1   0.1   0.1   0.1   0.1   0.1   0.1   0.1   0.1   0.1   0.1   0.1
                 +15 ms    0.1   0.1   0.1   0.1   0.1   0.1   0.1   0.1   0.1   0.1   0.1   0.1   0.1   0.1   0.1   0.1   0.1   0.1   0.1   0.1
                 +35 ms    0.1   0.1   0.1   0.1   0.1   0.1   0.1   0.1   0.1   0.1   0.1   0.1   0.1   0.1   0.1   0.1   0.1   0.1   0.1   0.1
                 +55 ms    0.1   0.1   0.1   0.1   0.1   0.1
             12   46.43   -6.9      0.09   -1.13    0.1      0.0       0.0     0.3    0.3    0.3    0.7    -2.39  -3.01
                 GR trace -25..+60 ms:
                 -25 ms    0.3   0.2  -0.2  -0.2   0.0   0.4   0.3   0.1   0.1   0.1   0.3  -0.0   0.0  -0.2   0.3   0.2  -0.0  -0.0  -0.2   0.1
                  -5 ms    0.1  -0.2   0.0   0.2   0.0   0.1   0.1   0.1   0.1   0.2   0.1   0.1   0.1   0.1   0.1   0.1   0.1   0.1   0.1   0.1
                 +15 ms    0.1   0.1   0.1   0.1   0.1   0.1   0.1   0.1   0.1   0.1   0.1   0.1   0.1   0.1   0.1   0.1   0.1   0.1   0.1   0.2
                 +35 ms    0.1   0.2   0.1   0.1   0.1   0.1   0.1   0.1   0.2   0.1   0.1   0.1   0.2   0.1   0.1   0.1   0.1   0.2   0.1   0.1
                 +55 ms    0.1   0.1   0.1   0.2   0.1   0.1
             13   46.90   -4.6      0.12   -0.40    0.1      n/a       n/a     n/a    n/a    n/a    n/a    -1.03  -0.37
                 GR trace -25..+60 ms:
                 -25 ms    0.2   0.2   0.1  -0.1   0.0   0.2   0.2   0.1   0.1   0.1   0.2   0.2   0.2   0.1   0.2   0.1   0.2   0.2   0.1   0.2
                  -5 ms    0.1   0.2   0.2   0.1   0.1   0.1   0.1   0.1   0.1   0.1   0.1   0.1   0.1   0.1   0.1   0.1   0.1   0.1   0.1   0.1
                 +15 ms    0.1   0.1   0.1   0.2   0.1   0.1   0.1   0.1   0.1   0.1   0.1   0.1   0.1   0.1   0.1   0.1   0.1   0.1   0.1   0.1
                 +35 ms    0.1   0.1   0.1   0.1   0.1   0.1   0.1   0.1   0.1   0.1   0.1   0.1   0.1   0.1   0.1   0.1   0.1   0.1   0.1   0.1
                 +55 ms    0.1   0.1   0.1   0.1   0.1   0.1
             14   52.34   -0.9      0.12    0.12    0.1      n/a       n/a     n/a    n/a    n/a    n/a     0.12   0.12
                 GR trace -25..+60 ms:
                 -25 ms    0.1   0.1   0.1   0.1   0.1   0.1   0.1   0.1   0.1   0.1   0.1   0.1   0.1   0.1   0.1   0.1   0.1   0.1   0.1   0.1
                  -5 ms    0.1   0.1   0.1   0.1   0.1   0.1   0.1   0.1   0.1   0.1   0.1   0.1   0.1   0.1   0.1   0.1   0.1   0.1   0.1   0.1
                 +15 ms    0.1   0.1   0.1   0.1   0.1   0.1   0.1   0.1   0.1   0.1   0.1   0.1   0.1   0.1   0.1   0.1   0.1   0.1   0.1   0.1
                 +35 ms    0.1   0.1   0.1   0.1   0.1   0.1   0.1   0.1   0.1   0.1   0.1   0.1   0.1   0.1   0.1   0.1   0.1   0.1   0.1   0.1
                 +55 ms    0.1   0.1   0.1   0.1   0.1   0.1
ROW case=fullmix tag=echojay aligned=1 offset=108 outI=-12.61 inI=-12.60 tp=-0.18 overs=0 grMean=0.06 grStd=0.14 crestOut=11.2 hits=15 retMed=0.12 t63med=26.5 t90med=58.2 lrStd=0.02

== case fullmix            tag proL2       48000 Hz  2791996 frames  offset +731 samples (15.23 ms)  corr 1.000 1.000 1.000 1.000 1.000 1.000 1.000 0.998
  gain +8.2 dB  ceiling +0.0 dB
  loudness   in+gain  I -12.60 LUFS  Mmax -8.9  Smax -10.8   |  out  I -12.60 LUFS  Mmax -9.0  Smax -10.9   |  S std 1.77 -> 1.77 LU
  peaks      sample -0.04 dBFS  TRUE PEAK -0.03 dBTP  overs above ceiling+0.05 dB: 0
  dynamics   GR mean -0.00 dB  max -0.15  std 0.01  p2p 0.15  |  crest in 11.4 -> out 11.2 dB  |  L-R GR std 0.00 dB
  hits       15 detected
              #    t(s)   over   retained   GRmin   base   pre(ms)   hold(ms)    t10    t50    t63    t90 (ms)   dipL   dipR
              0    0.07   -0.0     -0.16   -0.06    0.0      n/a       n/a     n/a    n/a    n/a    n/a    -0.07  -0.05
                 GR trace -25..+60 ms:
                 -25 ms    n/a   n/a   n/a   n/a   n/a   n/a   n/a   n/a   n/a   n/a   n/a   n/a   n/a   n/a   n/a   n/a   n/a   n/a   n/a   n/a
                  -5 ms    0.0   0.0   0.0   0.0   0.0   0.0   0.0   0.0   0.0   0.0   0.0   0.0   0.0  -0.0   0.0   0.0   0.0   0.0   0.0   0.0
                 +15 ms    0.0   0.0   0.0   0.0   0.0   0.0   0.0   0.0   0.0   0.0   0.0   0.0   0.0   0.0   0.0   0.0   0.0   0.0   0.0   0.0
                 +35 ms    0.0   0.0   0.0   0.0   0.0   0.0   0.0   0.0   0.0   0.0   0.0   0.0   0.0   0.0   0.0   0.0   0.0   0.0   0.0   0.0
                 +55 ms    0.0   0.0   0.0   0.0   0.0   0.0
              1    1.43   -3.4      0.00    0.00    0.0      n/a       n/a     n/a    n/a    n/a    n/a     0.00   0.00
                 GR trace -25..+60 ms:
                 -25 ms    0.0   0.0   0.0   0.0   0.0   0.0   0.0   0.0   0.0   0.0   0.0   0.0   0.0   0.0   0.0   0.0   0.0   0.0   0.0   0.0
                  -5 ms    0.0   0.0   0.0   0.0   0.0   0.0   0.0   0.0   0.0   0.0   0.0   0.0   0.0   0.0   0.0   0.0   0.0   0.0   0.0   0.0
                 +15 ms    0.0   0.0   0.0   0.0   0.0   0.0   0.0   0.0   0.0   0.0   0.0   0.0   0.0   0.0   0.0   0.0   0.0   0.0   0.0   0.0
                 +35 ms    0.0   0.0   0.0   0.0   0.0   0.0   0.0   0.0   0.0   0.0   0.0   0.0   0.0   0.0   0.0   0.0   0.0   0.0   0.0   0.0
                 +55 ms    0.0   0.0   0.0   0.0   0.0   0.0
              2    3.71    0.3     -0.37   -0.23    0.0      n/a       n/a     n/a    n/a    n/a    n/a    -0.24  -0.22
                 GR trace -25..+60 ms:
                 -25 ms    0.0   0.0   0.0   0.0   0.0   0.0   0.0   0.0   0.0   0.0   0.0   0.0   0.0   0.0   0.0   0.0   0.0   0.0   0.0   0.0
                  -5 ms    0.0   0.0   0.0   0.0   0.0   0.0   0.0   0.0   0.0   0.0   0.0   0.0  -0.1   0.0   0.0   0.0   0.0   0.0   0.0   0.0
                 +15 ms    0.0   0.0   0.0   0.0   0.0   0.0   0.0   0.0   0.0   0.0   0.0   0.0   0.0   0.0   0.0   0.0   0.0   0.0   0.0   0.0
                 +35 ms    0.0   0.0   0.0   0.0   0.0   0.0   0.0   0.0   0.0   0.0   0.0   0.0   0.0   0.0   0.0   0.0   0.0   0.0   0.0   0.0
                 +55 ms    0.0   0.0   0.0   0.0   0.0   0.0
              3    8.70   -0.5      0.00    0.00    0.0      n/a       n/a     n/a    n/a    n/a    n/a     0.00   0.00
                 GR trace -25..+60 ms:
                 -25 ms    0.0   0.0   0.0   0.0   0.0   0.0   0.0   0.0   0.0   0.0   0.0   0.0   0.0   0.0   0.0   0.0   0.0   0.0   0.0   0.0
                  -5 ms    0.0   0.0   0.0   0.0   0.0   0.0   0.0   0.0   0.0   0.0   0.0   0.0   0.0   0.0   0.0   0.0   0.0   0.0   0.0   0.0
                 +15 ms    0.0   0.0   0.0   0.0   0.0   0.0   0.0   0.0   0.0   0.0   0.0   0.0   0.0   0.0   0.0   0.0   0.0   0.0   0.0   0.0
                 +35 ms    0.0   0.0   0.0   0.0   0.0   0.0   0.0   0.0   0.0   0.0   0.0   0.0   0.0   0.0   0.0   0.0   0.0   0.0   0.0   0.0
                 +55 ms    0.0   0.0   0.0   0.0   0.0   0.0
              4   15.96  -10.1      0.00    0.00    0.0      n/a       n/a     n/a    n/a    n/a    n/a     0.00   0.00
                 GR trace -25..+60 ms:
                 -25 ms    0.0   0.0   0.0   0.0   0.0   0.0   0.0   0.0   0.0   0.0   0.0   0.0   0.0   0.0   0.0   0.0   0.0   0.0   0.0   0.0
                  -5 ms    0.0   0.0   0.0   0.0   0.0   0.0   0.0   0.0   0.0   0.0   0.0   0.0   0.0   0.0   0.0   0.0   0.0   0.0   0.0   0.0
                 +15 ms    0.0   0.0   0.0   0.0   0.0   0.0   0.0   0.0   0.0   0.0   0.0   0.0   0.0   0.0   0.0   0.0   0.0   0.0   0.0   0.0
                 +35 ms    0.0   0.0   0.0   0.0   0.0   0.0   0.0   0.0   0.0   0.0   0.0   0.0   0.0   0.0   0.0   0.0   0.0   0.0   0.0   0.0
                 +55 ms    0.0   0.0   0.0   0.0   0.0   0.0
              5   17.65   -7.9      0.00    0.00    0.0      n/a       n/a     n/a    n/a    n/a    n/a     0.00   0.00
                 GR trace -25..+60 ms:
                 -25 ms    0.0   0.0   0.0   0.0   0.0   0.0   0.0   0.0   0.0   0.0   0.0   0.0   0.0   0.0   0.0   0.0   0.0   0.0   0.0   0.0
                  -5 ms    0.0   0.0   0.0   0.0   0.0   0.0   0.0   0.0   0.0   0.0   0.0   0.0   0.0   0.0   0.0   0.0   0.0   0.0   0.0   0.0
                 +15 ms    0.0   0.0   0.0   0.0   0.0   0.0   0.0   0.0   0.0   0.0   0.0   0.0   0.0   0.0   0.0   0.0   0.0   0.0   0.0   0.0
                 +35 ms    0.0   0.0   0.0   0.0   0.0   0.0   0.0   0.0   0.0   0.0   0.0   0.0   0.0   0.0   0.0   0.0   0.0   0.0   0.0   0.0
                 +55 ms    0.0   0.0   0.0   0.0   0.0   0.0
              6   18.25   -0.2      0.00    0.00    0.0      n/a       n/a     n/a    n/a    n/a    n/a     0.00   0.00
                 GR trace -25..+60 ms:
                 -25 ms    0.0   0.0   0.0   0.0   0.0   0.0   0.0   0.0   0.0   0.0   0.0   0.0   0.0   0.0   0.0   0.0   0.0   0.0   0.0   0.0
                  -5 ms    0.0   0.0   0.0   0.0   0.0   0.0   0.0   0.0   0.0   0.0   0.0   0.0   0.0   0.0   0.0   0.0   0.0   0.0   0.0   0.0
                 +15 ms    0.0   0.0   0.0   0.0   0.0   0.0   0.0   0.0   0.0   0.0   0.0   0.0   0.0   0.0   0.0   0.0   0.0   0.0   0.0   0.0
                 +35 ms    0.0   0.0   0.0   0.0   0.0   0.0   0.0   0.0   0.0   0.0   0.0   0.0   0.0   0.0   0.0   0.0   0.0   0.0   0.0   0.0
                 +55 ms    0.0   0.0   0.0   0.0   0.0   0.0
              7   24.61   -1.8      0.00    0.00    0.0      n/a       n/a     n/a    n/a    n/a    n/a     0.00   0.00
                 GR trace -25..+60 ms:
                 -25 ms    0.0   0.0   0.0   0.0   0.0   0.0   0.0   0.0   0.0   0.0   0.0   0.0   0.0   0.0   0.0   0.0   0.0   0.0   0.0   0.0
                  -5 ms    0.0   0.0   0.0   0.0   0.0   0.0   0.0   0.0   0.0   0.0   0.0   0.0   0.0   0.0   0.0   0.0   0.0   0.0   0.0   0.0
                 +15 ms    0.0   0.0   0.0   0.0   0.0   0.0   0.0   0.0   0.0   0.0   0.0   0.0   0.0   0.0   0.0   0.0   0.0   0.0   0.0   0.0
                 +35 ms    0.0   0.0   0.0   0.0   0.0   0.0   0.0   0.0   0.0   0.0   0.0   0.0   0.0   0.0   0.0   0.0   0.0   0.0   0.0   0.0
                 +55 ms    0.0   0.0   0.0   0.0   0.0   0.0
              8   25.29   -2.5      0.00    0.00    0.0      n/a       n/a     n/a    n/a    n/a    n/a     0.00   0.00
                 GR trace -25..+60 ms:
                 -25 ms    0.0   0.0   0.0   0.0   0.0   0.0   0.0   0.0   0.0   0.0   0.0   0.0   0.0   0.0   0.0   0.0   0.0   0.0   0.0   0.0
                  -5 ms    0.0   0.0   0.0   0.0   0.0   0.0   0.0   0.0   0.0   0.0   0.0   0.0   0.0   0.0   0.0   0.0   0.0   0.0   0.0   0.0
                 +15 ms    0.0   0.0   0.0   0.0   0.0   0.0   0.0   0.0   0.0   0.0   0.0   0.0   0.0   0.0   0.0   0.0   0.0   0.0   0.0   0.0
                 +35 ms    0.0   0.0   0.0   0.0   0.0   0.0   0.0   0.0   0.0   0.0   0.0   0.0   0.0   0.0   0.0   0.0   0.0   0.0   0.0   0.0
                 +55 ms    0.0   0.0   0.0   0.0   0.0   0.0
              9   30.07    1.9     -1.93   -1.56    0.0      0.0       0.0     0.3    0.3    0.3    0.3    -1.52  -1.60
                 GR trace -25..+60 ms:
                 -25 ms    0.0   0.0   0.0   0.0   0.0   0.0   0.0   0.0   0.0   0.0   0.0   0.0   0.0   0.0   0.0   0.0   0.0   0.0   0.0   0.0
                  -5 ms    0.0   0.0   0.0   0.0   0.0   0.0  -0.0  -1.1  -0.4  -0.0  -0.0  -0.0  -0.0  -0.1  -0.0  -0.6  -0.7  -0.6  -0.0  -0.0
                 +15 ms   -0.0  -0.0  -0.0  -0.0  -0.0  -0.1  -0.0  -0.0  -0.0  -0.0  -0.0  -0.1  -0.2  -0.0  -0.0  -0.0  -0.0  -0.1  -0.2  -0.5
                 +35 ms   -0.0  -0.0  -0.0  -0.0  -0.0  -0.0  -0.0  -0.0  -0.0  -0.0  -0.0  -0.1  -0.0  -0.0  -0.0  -0.0  -0.0  -0.0  -0.0  -0.0
                 +55 ms   -0.0  -0.0  -0.0  -0.0  -0.0  -0.0
             10   32.80   -0.5      0.00    0.00    0.0      n/a       n/a     n/a    n/a    n/a    n/a     0.00   0.00
                 GR trace -25..+60 ms:
                 -25 ms    0.0   0.0   0.0   0.0   0.0   0.0   0.0   0.0   0.0   0.0   0.0   0.0   0.0   0.0   0.0   0.0   0.0   0.0   0.0   0.0
                  -5 ms    0.0   0.0   0.0   0.0   0.0   0.0   0.0   0.0   0.0   0.0   0.0   0.0   0.0   0.0   0.0   0.0   0.0   0.0   0.0   0.0
                 +15 ms    0.0   0.0   0.0   0.0   0.0   0.0   0.0   0.0   0.0   0.0   0.0   0.0   0.0   0.0   0.0   0.0   0.0   0.0   0.0   0.0
                 +35 ms    0.0   0.0   0.0   0.0   0.0   0.0   0.0   0.0   0.0   0.0   0.0   0.0   0.0   0.0   0.0   0.0   0.0   0.0   0.0   0.0
                 +55 ms    0.0   0.0   0.0   0.0   0.0   0.0
             11   39.93   -3.4      0.00    0.00    0.0      n/a       n/a     n/a    n/a    n/a    n/a     0.00   0.00
                 GR trace -25..+60 ms:
                 -25 ms    0.0   0.0   0.0   0.0   0.0   0.0   0.0   0.0   0.0   0.0   0.0   0.0   0.0   0.0   0.0   0.0   0.0   0.0   0.0   0.0
                  -5 ms    0.0   0.0   0.0   0.0   0.0   0.0   0.0   0.0   0.0   0.0   0.0   0.0   0.0   0.0   0.0   0.0   0.0   0.0   0.0   0.0
                 +15 ms    0.0   0.0   0.0   0.0   0.0   0.0   0.0   0.0   0.0   0.0   0.0   0.0   0.0   0.0   0.0   0.0   0.0   0.0   0.0   0.0
                 +35 ms    0.0   0.0   0.0   0.0   0.0   0.0   0.0   0.0   0.0   0.0   0.0   0.0   0.0   0.0   0.0   0.0   0.0   0.0   0.0   0.0
                 +55 ms    0.0   0.0   0.0   0.0   0.0   0.0
             12   46.43   -6.9      0.00    0.00    0.0      n/a       n/a     n/a    n/a    n/a    n/a     0.00   0.00
                 GR trace -25..+60 ms:
                 -25 ms    0.0   0.0   0.0   0.0   0.0   0.0   0.0   0.0   0.0   0.0   0.0   0.0   0.0   0.0   0.0   0.0   0.0   0.0   0.0   0.0
                  -5 ms    0.0   0.0   0.0   0.0   0.0   0.0   0.0   0.0   0.0   0.0   0.0   0.0   0.0   0.0   0.0   0.0   0.0   0.0   0.0   0.0
                 +15 ms    0.0   0.0   0.0   0.0   0.0   0.0   0.0   0.0   0.0   0.0   0.0   0.0   0.0   0.0   0.0   0.0   0.0   0.0   0.0   0.0
                 +35 ms    0.0   0.0   0.0   0.0   0.0   0.0   0.0   0.0   0.0   0.0   0.0   0.0   0.0   0.0   0.0   0.0   0.0   0.0   0.0   0.0
                 +55 ms    0.0   0.0   0.0   0.0   0.0   0.0
             13   46.90   -4.6      0.00    0.00    0.0      n/a       n/a     n/a    n/a    n/a    n/a     0.00   0.00
                 GR trace -25..+60 ms:
                 -25 ms    0.0   0.0   0.0   0.0   0.0   0.0   0.0   0.0   0.0   0.0   0.0   0.0   0.0   0.0   0.0   0.0   0.0   0.0   0.0   0.0
                  -5 ms    0.0   0.0   0.0   0.0   0.0   0.0   0.0   0.0   0.0   0.0   0.0   0.0   0.0   0.0   0.0   0.0   0.0   0.0   0.0   0.0
                 +15 ms    0.0   0.0   0.0   0.0   0.0   0.0   0.0   0.0   0.0   0.0   0.0   0.0   0.0   0.0   0.0   0.0   0.0   0.0   0.0   0.0
                 +35 ms    0.0   0.0   0.0   0.0   0.0   0.0   0.0   0.0   0.0   0.0   0.0   0.0   0.0   0.0   0.0   0.0   0.0   0.0   0.0   0.0
                 +55 ms    0.0   0.0   0.0   0.0   0.0   0.0
             14   52.34   -0.9      0.00    0.00    0.0      n/a       n/a     n/a    n/a    n/a    n/a     0.00   0.00
                 GR trace -25..+60 ms:
                 -25 ms    0.0   0.0   0.0   0.0   0.0   0.0   0.0   0.0   0.0   0.0   0.0   0.0   0.0   0.0   0.0   0.0   0.0   0.0   0.0   0.0
                  -5 ms    0.0   0.0   0.0   0.0   0.0   0.0   0.0   0.0   0.0   0.0   0.0   0.0   0.0   0.0   0.0   0.0   0.0   0.0   0.0   0.0
                 +15 ms    0.0   0.0   0.0   0.0   0.0   0.0   0.0   0.0   0.0   0.0   0.0   0.0   0.0   0.0   0.0   0.0   0.0   0.0   0.0   0.0
                 +35 ms    0.0   0.0   0.0   0.0   0.0   0.0   0.0   0.0   0.0   0.0   0.0   0.0   0.0   0.0   0.0   0.0   0.0   0.0   0.0   0.0
                 +55 ms    0.0   0.0   0.0   0.0   0.0   0.0
ROW case=fullmix tag=proL2 aligned=1 offset=731 outI=-12.60 inI=-12.60 tp=-0.03 overs=0 grMean=-0.00 grStd=0.01 crestOut=11.2 hits=15 retMed=0.00 t63med=0.3 t90med=0.3 lrStd=0.00

== case fullmix            tag proL2tpOFF  48000 Hz  2792231 frames  offset +496 samples (10.33 ms)  corr 1.000 1.000 1.000 1.000 1.000 1.000 1.000 0.999
  gain +8.2 dB  ceiling +0.0 dB
  loudness   in+gain  I -12.60 LUFS  Mmax -8.9  Smax -10.8   |  out  I -12.60 LUFS  Mmax -8.9  Smax -10.9   |  S std 1.77 -> 1.77 LU
  peaks      sample -0.00 dBFS  TRUE PEAK 0.52 dBTP  overs above ceiling+0.05 dB: 95  (worst at 25.53 s)
  dynamics   GR mean -0.00 dB  max -0.12  std 0.01  p2p 0.12  |  crest in 11.4 -> out 11.2 dB  |  L-R GR std 0.00 dB
  hits       15 detected
              #    t(s)   over   retained   GRmin   base   pre(ms)   hold(ms)    t10    t50    t63    t90 (ms)   dipL   dipR
              0    0.07   -0.0      0.00    0.00    0.0      n/a       n/a     n/a    n/a    n/a    n/a     0.00   0.00
                 GR trace -25..+60 ms:
                 -25 ms    n/a   n/a   n/a   n/a   n/a   n/a   n/a   n/a   n/a   n/a   n/a   n/a   n/a   n/a   n/a   n/a   n/a   n/a   n/a   n/a
                  -5 ms    0.0   0.0   0.0   0.0   0.0   0.0   0.0   0.0   0.0   0.0   0.0   0.0   0.0   0.0   0.0   0.0   0.0   0.0   0.0   0.0
                 +15 ms    0.0   0.0   0.0   0.0   0.0   0.0   0.0   0.0   0.0   0.0   0.0   0.0   0.0   0.0   0.0   0.0   0.0   0.0   0.0   0.0
                 +35 ms    0.0   0.0   0.0   0.0   0.0   0.0   0.0   0.0   0.0   0.0   0.0   0.0   0.0   0.0   0.0   0.0   0.0   0.0   0.0   0.0
                 +55 ms    0.0   0.0   0.0   0.0   0.0   0.0
              1    1.43   -3.4      0.00    0.00    0.0      n/a       n/a     n/a    n/a    n/a    n/a     0.00   0.00
                 GR trace -25..+60 ms:
                 -25 ms    0.0   0.0   0.0   0.0   0.0   0.0   0.0   0.0   0.0   0.0   0.0   0.0   0.0   0.0   0.0   0.0   0.0   0.0   0.0   0.0
                  -5 ms    0.0   0.0   0.0   0.0   0.0   0.0   0.0   0.0   0.0   0.0   0.0   0.0   0.0   0.0   0.0   0.0   0.0   0.0   0.0   0.0
                 +15 ms    0.0   0.0   0.0   0.0   0.0   0.0   0.0   0.0   0.0   0.0   0.0   0.0   0.0   0.0   0.0   0.0   0.0   0.0   0.0   0.0
                 +35 ms    0.0   0.0   0.0   0.0   0.0   0.0   0.0   0.0   0.0   0.0   0.0   0.0   0.0   0.0   0.0   0.0   0.0   0.0   0.0   0.0
                 +55 ms    0.0   0.0   0.0   0.0   0.0   0.0
              2    3.71    0.3     -0.33   -0.18    0.0      n/a       n/a     n/a    n/a    n/a    n/a    -0.20  -0.17
                 GR trace -25..+60 ms:
                 -25 ms    0.0   0.0   0.0   0.0   0.0   0.0   0.0   0.0   0.0   0.0   0.0   0.0   0.0   0.0   0.0   0.0   0.0   0.0   0.0   0.0
                  -5 ms    0.0   0.0   0.0   0.0   0.0   0.0   0.0   0.0   0.0   0.0   0.0   0.0  -0.1   0.0   0.0   0.0   0.0   0.0   0.0   0.0
                 +15 ms    0.0   0.0   0.0   0.0   0.0   0.0   0.0   0.0   0.0   0.0   0.0   0.0   0.0   0.0   0.0   0.0   0.0   0.0   0.0   0.0
                 +35 ms    0.0   0.0   0.0   0.0   0.0   0.0   0.0   0.0   0.0   0.0   0.0   0.0   0.0   0.0   0.0   0.0   0.0   0.0   0.0   0.0
                 +55 ms    0.0   0.0   0.0   0.0   0.0   0.0
              3    8.70   -0.5      0.00    0.00    0.0      n/a       n/a     n/a    n/a    n/a    n/a     0.00   0.00
                 GR trace -25..+60 ms:
                 -25 ms    0.0   0.0   0.0   0.0   0.0   0.0   0.0   0.0   0.0   0.0   0.0   0.0   0.0   0.0   0.0   0.0   0.0   0.0   0.0   0.0
                  -5 ms    0.0   0.0   0.0   0.0   0.0   0.0   0.0   0.0   0.0   0.0   0.0   0.0   0.0   0.0   0.0   0.0   0.0   0.0   0.0   0.0
                 +15 ms    0.0   0.0   0.0   0.0   0.0   0.0   0.0   0.0   0.0   0.0   0.0   0.0   0.0   0.0   0.0   0.0   0.0   0.0   0.0   0.0
                 +35 ms    0.0   0.0   0.0   0.0   0.0   0.0   0.0   0.0   0.0   0.0   0.0   0.0   0.0   0.0   0.0   0.0   0.0   0.0   0.0   0.0
                 +55 ms    0.0   0.0   0.0   0.0   0.0   0.0
              4   15.96  -10.1      0.00    0.00    0.0      n/a       n/a     n/a    n/a    n/a    n/a     0.00   0.00
                 GR trace -25..+60 ms:
                 -25 ms    0.0   0.0   0.0   0.0   0.0   0.0   0.0   0.0   0.0   0.0   0.0   0.0   0.0   0.0   0.0   0.0   0.0   0.0   0.0   0.0
                  -5 ms    0.0   0.0   0.0   0.0   0.0   0.0   0.0   0.0   0.0   0.0   0.0   0.0   0.0   0.0   0.0   0.0   0.0   0.0   0.0   0.0
                 +15 ms    0.0   0.0   0.0   0.0   0.0   0.0   0.0   0.0   0.0   0.0   0.0   0.0   0.0   0.0   0.0   0.0   0.0   0.0   0.0   0.0
                 +35 ms    0.0   0.0   0.0   0.0   0.0   0.0   0.0   0.0   0.0   0.0   0.0   0.0   0.0   0.0   0.0   0.0   0.0   0.0   0.0   0.0
                 +55 ms    0.0   0.0   0.0   0.0   0.0   0.0
              5   17.65   -7.9      0.00    0.00    0.0      n/a       n/a     n/a    n/a    n/a    n/a     0.00   0.00
                 GR trace -25..+60 ms:
                 -25 ms    0.0   0.0   0.0   0.0   0.0   0.0   0.0   0.0   0.0   0.0   0.0   0.0   0.0   0.0   0.0   0.0   0.0   0.0   0.0   0.0
                  -5 ms    0.0   0.0   0.0   0.0   0.0   0.0   0.0   0.0   0.0   0.0   0.0   0.0   0.0   0.0   0.0   0.0   0.0   0.0   0.0   0.0
                 +15 ms    0.0   0.0   0.0   0.0   0.0   0.0   0.0   0.0   0.0   0.0   0.0   0.0   0.0   0.0   0.0   0.0   0.0   0.0   0.0   0.0
                 +35 ms    0.0   0.0   0.0   0.0   0.0   0.0   0.0   0.0   0.0   0.0   0.0   0.0   0.0   0.0   0.0   0.0   0.0   0.0   0.0   0.0
                 +55 ms    0.0   0.0   0.0   0.0   0.0   0.0
              6   18.25   -0.2      0.00    0.00    0.0      n/a       n/a     n/a    n/a    n/a    n/a     0.00   0.00
                 GR trace -25..+60 ms:
                 -25 ms    0.0   0.0   0.0   0.0   0.0   0.0   0.0   0.0   0.0   0.0   0.0   0.0   0.0   0.0   0.0   0.0   0.0   0.0   0.0   0.0
                  -5 ms    0.0   0.0   0.0   0.0   0.0   0.0   0.0   0.0   0.0   0.0   0.0   0.0   0.0   0.0   0.0   0.0   0.0   0.0   0.0   0.0
                 +15 ms    0.0   0.0   0.0   0.0   0.0   0.0   0.0   0.0   0.0   0.0   0.0   0.0   0.0   0.0   0.0   0.0   0.0   0.0   0.0   0.0
                 +35 ms    0.0   0.0   0.0   0.0   0.0   0.0   0.0   0.0   0.0   0.0   0.0   0.0   0.0   0.0   0.0   0.0   0.0   0.0   0.0   0.0
                 +55 ms    0.0   0.0   0.0   0.0   0.0   0.0
              7   24.61   -1.8      0.00    0.00    0.0      n/a       n/a     n/a    n/a    n/a    n/a     0.00   0.00
                 GR trace -25..+60 ms:
                 -25 ms    0.0   0.0   0.0   0.0   0.0   0.0   0.0   0.0   0.0   0.0   0.0   0.0   0.0   0.0   0.0   0.0   0.0   0.0   0.0   0.0
                  -5 ms    0.0   0.0   0.0   0.0   0.0   0.0   0.0   0.0   0.0   0.0   0.0   0.0   0.0   0.0   0.0   0.0   0.0   0.0   0.0   0.0
                 +15 ms    0.0   0.0   0.0   0.0   0.0   0.0   0.0   0.0   0.0   0.0   0.0   0.0   0.0   0.0   0.0   0.0   0.0   0.0   0.0   0.0
                 +35 ms    0.0   0.0   0.0   0.0   0.0   0.0   0.0   0.0   0.0   0.0   0.0   0.0   0.0   0.0   0.0   0.0   0.0   0.0   0.0   0.0
                 +55 ms    0.0   0.0   0.0   0.0   0.0   0.0
              8   25.29   -2.5      0.00    0.00    0.0      n/a       n/a     n/a    n/a    n/a    n/a     0.00   0.00
                 GR trace -25..+60 ms:
                 -25 ms    0.0   0.0   0.0   0.0   0.0   0.0   0.0   0.0   0.0   0.0   0.0   0.0   0.0   0.0   0.0   0.0   0.0   0.0   0.0   0.0
                  -5 ms    0.0   0.0   0.0   0.0   0.0   0.0   0.0   0.0   0.0   0.0   0.0   0.0   0.0   0.0   0.0   0.0   0.0   0.0   0.0   0.0
                 +15 ms    0.0   0.0   0.0   0.0   0.0   0.0   0.0   0.0   0.0   0.0   0.0   0.0   0.0   0.0   0.0   0.0   0.0   0.0   0.0   0.0
                 +35 ms    0.0   0.0   0.0   0.0   0.0   0.0   0.0   0.0   0.0   0.0   0.0   0.0   0.0   0.0   0.0   0.0   0.0   0.0   0.0   0.0
                 +55 ms    0.0   0.0   0.0   0.0   0.0   0.0
              9   30.07    1.9     -1.89   -1.29    0.0      0.0       0.0     0.3    0.3    0.3    0.3    -1.25  -1.33
                 GR trace -25..+60 ms:
                 -25 ms    0.0   0.0   0.0   0.0   0.0   0.0   0.0   0.0   0.0   0.0   0.0   0.0   0.0   0.0   0.0   0.0   0.0   0.0   0.0   0.0
                  -5 ms    0.0   0.0   0.0   0.0   0.0   0.0  -0.0  -0.9  -0.3  -0.0  -0.0  -0.0  -0.0  -0.1  -0.0  -0.5  -0.7  -0.5  -0.0  -0.0
                 +15 ms   -0.0  -0.0  -0.0  -0.0  -0.0  -0.0  -0.0  -0.0  -0.0  -0.0  -0.0  -0.1  -0.1  -0.0  -0.0  -0.0  -0.0  -0.0  -0.1  -0.4
                 +35 ms   -0.0  -0.0  -0.0  -0.0  -0.0  -0.0  -0.0  -0.0  -0.0  -0.0  -0.0  -0.1  -0.0  -0.0  -0.0  -0.0  -0.0  -0.0  -0.0  -0.0
                 +55 ms   -0.0  -0.0  -0.0  -0.0  -0.0  -0.0
             10   32.80   -0.5      0.00    0.00    0.0      n/a       n/a     n/a    n/a    n/a    n/a     0.00   0.00
                 GR trace -25..+60 ms:
                 -25 ms    0.0   0.0   0.0   0.0   0.0   0.0   0.0   0.0   0.0   0.0   0.0   0.0   0.0   0.0   0.0   0.0   0.0   0.0   0.0   0.0
                  -5 ms    0.0   0.0   0.0   0.0   0.0   0.0   0.0   0.0   0.0   0.0   0.0   0.0   0.0   0.0   0.0   0.0   0.0   0.0   0.0   0.0
                 +15 ms    0.0   0.0   0.0   0.0   0.0   0.0   0.0   0.0   0.0   0.0   0.0   0.0   0.0   0.0   0.0   0.0   0.0   0.0   0.0   0.0
                 +35 ms    0.0   0.0   0.0   0.0   0.0   0.0   0.0   0.0   0.0   0.0   0.0   0.0   0.0   0.0   0.0   0.0   0.0   0.0   0.0   0.0
                 +55 ms    0.0   0.0   0.0   0.0   0.0   0.0
             11   39.93   -3.4      0.00    0.00    0.0      n/a       n/a     n/a    n/a    n/a    n/a     0.00   0.00
                 GR trace -25..+60 ms:
                 -25 ms    0.0   0.0   0.0   0.0   0.0   0.0   0.0   0.0   0.0   0.0   0.0   0.0   0.0   0.0   0.0   0.0   0.0   0.0   0.0   0.0
                  -5 ms    0.0   0.0   0.0   0.0   0.0   0.0   0.0   0.0   0.0   0.0   0.0   0.0   0.0   0.0   0.0   0.0   0.0   0.0   0.0   0.0
                 +15 ms    0.0   0.0   0.0   0.0   0.0   0.0   0.0   0.0   0.0   0.0   0.0   0.0   0.0   0.0   0.0   0.0   0.0   0.0   0.0   0.0
                 +35 ms    0.0   0.0   0.0   0.0   0.0   0.0   0.0   0.0   0.0   0.0   0.0   0.0   0.0   0.0   0.0   0.0   0.0   0.0   0.0   0.0
                 +55 ms    0.0   0.0   0.0   0.0   0.0   0.0
             12   46.43   -6.9      0.00    0.00    0.0      n/a       n/a     n/a    n/a    n/a    n/a     0.00   0.00
                 GR trace -25..+60 ms:
                 -25 ms    0.0   0.0   0.0   0.0   0.0   0.0   0.0   0.0   0.0   0.0   0.0   0.0   0.0   0.0   0.0   0.0   0.0   0.0   0.0   0.0
                  -5 ms    0.0   0.0   0.0   0.0   0.0   0.0   0.0   0.0   0.0   0.0   0.0   0.0   0.0   0.0   0.0   0.0   0.0   0.0   0.0   0.0
                 +15 ms    0.0   0.0   0.0   0.0   0.0   0.0   0.0   0.0   0.0   0.0   0.0   0.0   0.0   0.0   0.0   0.0   0.0   0.0   0.0   0.0
                 +35 ms    0.0   0.0   0.0   0.0   0.0   0.0   0.0   0.0   0.0   0.0   0.0   0.0   0.0   0.0   0.0   0.0   0.0   0.0   0.0   0.0
                 +55 ms    0.0   0.0   0.0   0.0   0.0   0.0
             13   46.90   -4.6      0.00    0.00    0.0      n/a       n/a     n/a    n/a    n/a    n/a     0.00   0.00
                 GR trace -25..+60 ms:
                 -25 ms    0.0   0.0   0.0   0.0   0.0   0.0   0.0   0.0   0.0   0.0   0.0   0.0   0.0   0.0   0.0   0.0   0.0   0.0   0.0   0.0
                  -5 ms    0.0   0.0   0.0   0.0   0.0   0.0   0.0   0.0   0.0   0.0   0.0   0.0   0.0   0.0   0.0   0.0   0.0   0.0   0.0   0.0
                 +15 ms    0.0   0.0   0.0   0.0   0.0   0.0   0.0   0.0   0.0   0.0   0.0   0.0   0.0   0.0   0.0   0.0   0.0   0.0   0.0   0.0
                 +35 ms    0.0   0.0   0.0   0.0   0.0   0.0   0.0   0.0   0.0   0.0   0.0   0.0   0.0   0.0   0.0   0.0   0.0   0.0   0.0   0.0
                 +55 ms    0.0   0.0   0.0   0.0   0.0   0.0
             14   52.34   -0.9      0.00    0.00    0.0      n/a       n/a     n/a    n/a    n/a    n/a     0.00   0.00
                 GR trace -25..+60 ms:
                 -25 ms    0.0   0.0   0.0   0.0   0.0   0.0   0.0   0.0   0.0   0.0   0.0   0.0   0.0   0.0   0.0   0.0   0.0   0.0   0.0   0.0
                  -5 ms    0.0   0.0   0.0   0.0   0.0   0.0   0.0   0.0   0.0   0.0   0.0   0.0   0.0   0.0   0.0   0.0   0.0   0.0   0.0   0.0
                 +15 ms    0.0   0.0   0.0   0.0   0.0   0.0   0.0   0.0   0.0   0.0   0.0   0.0   0.0   0.0   0.0   0.0   0.0   0.0   0.0   0.0
                 +35 ms    0.0   0.0   0.0   0.0   0.0   0.0   0.0   0.0   0.0   0.0   0.0   0.0   0.0   0.0   0.0   0.0   0.0   0.0   0.0   0.0
                 +55 ms    0.0   0.0   0.0   0.0   0.0   0.0
ROW case=fullmix tag=proL2tpOFF aligned=1 offset=496 outI=-12.60 inI=-12.60 tp=0.52 overs=95 grMean=-0.00 grStd=0.01 crestOut=11.2 hits=15 retMed=0.00 t63med=0.3 t90med=0.3 lrStd=0.00

-- rule: echojay vs proL2 on fullmix
  PASS  level matched within 0.1 LU  [-12.61 vs -12.60 LUFS]
  PASS  zero true-peak overs above the ceiling  [0 overs, -0.18 dBTP (Pro-L 2: 0, -0.03 dBTP)]
  PASS  transient retention within 1 dB of Pro-L 2 on every hit  [worst 0.60 dB at hit 9 (30.07 s)]
  FAIL  release limbs within 10% (median t63, t90)  [t63 26.5 vs 0.3 ms, t90 58.2 vs 0.3 ms]
  PASS  pumping (momentary GR std) no worse than Pro-L 2 + 0.2 dB  [0.14 vs 0.01 dB]

-- rule: proL2tpOFF vs proL2 on fullmix
  PASS  level matched within 0.1 LU  [-12.60 vs -12.60 LUFS]
  FAIL  zero true-peak overs above the ceiling  [95 overs, 0.52 dBTP (Pro-L 2: 0, -0.03 dBTP)]
  PASS  transient retention within 1 dB of Pro-L 2 on every hit  [worst 0.16 dB at hit 0 (0.07 s)]
  PASS  release limbs within 10% (median t63, t90)  [t63 0.3 vs 0.3 ms, t90 0.3 vs 0.3 ms]
  PASS  pumping (momentary GR std) no worse than Pro-L 2 + 0.2 dB  [0.01 vs 0.01 dB]

==== limiter_ab_guard analyse: GREEN (0 problem(s)) ====
