# Pro-L 2 modern prints measured against the sources (2026-10-09 15:39); gains hot 10.87 bass 8.45 synthetic 8.2
limiter_ab_guard analyse docs/limiter_ab/renders/styles/modern  gain +10.9 dB  ceiling +0.0 dB

#### case fullmix_hot: source docs/limiter_ab/renders/styles/modern/source_fullmix_hot.wav (pcm24, 48000 Hz, 2 ch, 58.18 s)

== case fullmix_hot        tag proL2       48000 Hz  2792727 frames  offset +0 samples (0.00 ms)  [render 0.5 s longer, tail silent]  corr 1.000 1.000 1.000 1.000 1.000 1.000 1.000 0.999
  gain +10.9 dB  ceiling +0.0 dB
  loudness   in+gain  I -9.93 LUFS  Mmax -6.2  Smax -8.2   |  out  I -10.07 LUFS  Mmax -6.7  Smax -8.4   |  S std 1.77 -> 1.72 LU
  peaks      sample -0.00 dBFS  TRUE PEAK (arbiter, exact) 0.00 dBTP  overs above ceiling+0.02 dB: 0  [96-tap meter: -0.00 dBTP, 0 overs at +0.05]
  dynamics   GR mean -0.08 dB  max -0.90  std 0.09  p2p 0.90  |  crest in 11.4 -> out 9.9 dB  |  L-R GR std 0.03 dB
  hits       15 detected
              #    t(s)   over   retained   GRmin   base   pre(ms)   hold(ms)    t10    t50    t63    t90 (ms)   dipL   dipR
              0    0.06    2.6     -2.78   -1.84    0.0      0.0       0.0     0.3    0.7    0.7    2.3    -1.84  -1.99
                 GR trace -25..+60 ms:
                 -25 ms    n/a   n/a   n/a   n/a   n/a   n/a   n/a   n/a   n/a   n/a   n/a   n/a   n/a   n/a   n/a   n/a   n/a   n/a   n/a   n/a
                  -5 ms    n/a   n/a  -0.0  -0.0  -0.0  -0.0  -0.0  -0.0  -0.0  -0.0  -0.5  -0.5  -0.1  -0.6  -1.6  -1.2  -0.4  -0.4  -0.4  -0.1
                 +15 ms   -0.0  -0.0  -0.0  -0.0  -0.1  -0.1  -0.0  -0.0  -0.0  -0.0  -0.0  -0.0  -0.0  -0.0  -0.0  -0.0  -0.0  -0.0  -0.0  -0.0
                 +35 ms   -0.0  -0.0  -0.0  -0.0  -0.0  -0.0  -0.0  -0.0  -0.0  -0.0  -0.0  -0.0  -0.0  -0.0  -0.0  -0.0  -0.0  -0.0  -0.0  -0.0
                 +55 ms   -0.0  -0.0  -0.0  -0.0  -0.0  -0.0
              1    1.43   -0.7     -0.01   -0.01   -0.0      n/a       n/a     n/a    n/a    n/a    n/a    -0.01  -0.01
                 GR trace -25..+60 ms:
                 -25 ms   -0.0  -0.0  -0.0  -0.0  -0.0  -0.0  -0.0  -0.0  -0.0  -0.0  -0.0  -0.0  -0.0  -0.0  -0.0  -0.0  -0.0  -0.0  -0.0  -0.0
                  -5 ms   -0.0  -0.0  -0.0  -0.0  -0.0  -0.0  -0.0  -0.0  -0.0  -0.0  -0.0  -0.0  -0.0  -0.0  -0.0  -0.0  -0.0  -0.0  -0.0  -0.0
                 +15 ms   -0.0  -0.0  -0.0  -0.0  -0.0  -0.0  -0.0  -0.0  -0.0  -0.0  -0.0  -0.0  -0.0  -0.0  -0.0  -0.0  -0.0  -0.0  -0.0  -0.0
                 +35 ms   -0.0  -0.0  -0.0  -0.0  -0.0  -0.0  -0.0  -0.0  -0.0  -0.0  -0.0  -0.0  -0.0  -0.0  -0.0  -0.0  -0.0  -0.0  -0.0  -0.0
                 +55 ms   -0.0  -0.0  -0.0  -0.0  -0.0  -0.0
              2    3.71    3.0     -3.06   -1.93   -0.0      0.0       0.0     0.3    0.3    0.3    1.7    -1.99  -1.86
                 GR trace -25..+60 ms:
                 -25 ms   -0.0  -0.0  -0.0  -0.0  -0.0  -0.0  -0.0  -0.0  -0.0  -0.0  -0.0  -0.0  -0.0  -0.0  -0.0  -0.0  -0.0  -0.0  -0.0  -0.0
                  -5 ms   -0.0  -0.0  -0.0  -0.0  -0.0  -0.4  -0.0  -0.2  -0.9  -0.7  -0.3  -0.9  -1.4  -1.0  -0.1  -0.1  -0.3  -0.1  -0.1  -0.1
                 +15 ms   -0.1  -0.1  -0.1  -0.1  -0.1  -0.1  -0.1  -0.1  -0.1  -0.1  -0.1  -0.1  -0.1  -0.1  -0.1  -0.1  -0.1  -0.1  -0.1  -0.1
                 +35 ms   -0.0  -0.0  -0.0  -0.0  -0.0  -0.0  -0.0  -0.0  -0.0  -0.0  -0.0  -0.0  -0.0  -0.0  -0.0  -0.0  -0.0  -0.0  -0.0  -0.0
                 +55 ms   -0.0  -0.0  -0.0  -0.0  -0.0  -0.0
              3    8.70    2.2     -2.24   -1.16   -0.0      0.0       0.0     0.3    0.3    0.7    0.7    -1.19  -1.14
                 GR trace -25..+60 ms:
                 -25 ms   -0.0  -0.0  -0.0  -0.0  -0.0  -0.0  -0.0  -0.0  -0.0  -0.0  -0.0  -0.0  -0.0  -0.0  -0.0  -0.0  -0.0  -0.0  -0.0  -0.0
                  -5 ms   -0.0  -0.0  -0.0  -0.0  -0.0  -0.0  -0.0  -0.0  -0.0  -0.0  -0.0  -0.0  -0.0  -0.4  -0.1  -0.0  -0.1  -0.6  -0.7  -0.1
                 +15 ms   -0.0  -0.0  -0.0  -0.0  -0.0  -0.2  -0.1  -0.0  -0.0  -0.0  -0.0  -0.0  -0.0  -0.0  -0.0  -0.0  -0.0  -0.0  -0.0  -0.0
                 +35 ms   -0.0  -0.0  -0.0  -0.0  -0.0  -0.0  -0.0  -0.0  -0.0  -0.3  -0.1  -0.0  -0.0  -0.0  -0.0  -0.0  -0.0  -0.0  -0.0  -0.1
                 +55 ms   -0.1  -0.1  -0.0  -0.0  -0.0  -0.0
              4   15.96   -7.4     -0.01   -0.30   -0.0      n/a       n/a     n/a    n/a    n/a    n/a    -0.33  -0.27
                 GR trace -25..+60 ms:
                 -25 ms   -0.0  -0.0  -0.0  -0.0  -0.0  -0.0  -0.0  -0.0  -0.0  -0.0  -0.0  -0.0  -0.0  -0.0  -0.0  -0.0  -0.0  -0.0  -0.0  -0.0
                  -5 ms   -0.0  -0.0  -0.0  -0.0  -0.0  -0.0  -0.0  -0.0  -0.0  -0.0  -0.0  -0.0  -0.0  -0.0  -0.0  -0.0  -0.0  -0.0  -0.0  -0.0
                 +15 ms   -0.0  -0.0  -0.0  -0.0  -0.0  -0.0  -0.1  -0.0  -0.0  -0.0  -0.0  -0.0  -0.1  -0.2  -0.0  -0.0  -0.0  -0.6  -0.0  -0.0
                 +35 ms   -0.0  -0.0  -0.0  -0.0  -0.0  -0.0  -0.0  -0.0  -0.0  -0.0  -0.0  -0.0  -0.0  -0.0  -0.1  -0.1  -0.0  -0.0  -0.0  -0.0
                 +55 ms   -0.2  -0.0  -0.0  -0.0  -0.0  -0.0
              5   17.65   -5.3     -0.00   -0.00   -0.0      n/a       n/a     n/a    n/a    n/a    n/a    -0.00  -0.00
                 GR trace -25..+60 ms:
                 -25 ms   -0.0  -0.0  -0.0  -0.0  -0.0  -0.0  -0.0  -0.0  -0.0  -0.0  -0.0  -0.0  -0.0  -0.0  -0.0  -0.0  -0.0  -0.0  -0.0  -0.0
                  -5 ms   -0.0  -0.0  -0.0  -0.0  -0.0  -0.0  -0.0  -0.0  -0.0  -0.0  -0.0  -0.0  -0.0  -0.0  -0.0  -0.0  -0.0  -0.0  -0.0  -0.0
                 +15 ms   -0.0  -0.0  -0.0  -0.0  -0.0  -0.0  -0.0  -0.0  -0.0  -0.0  -0.0  -0.0  -0.0  -0.0  -0.0  -0.0  -0.0  -0.0  -0.0  -0.0
                 +35 ms   -0.0  -0.0  -0.0  -0.0  -0.0  -0.0  -0.0  -0.0  -0.0  -0.0  -0.0  -0.0  -0.0  -0.0  -0.0  -0.0  -0.0  -0.0  -0.0  -0.0
                 +55 ms   -0.0  -0.0  -0.0  -0.0  -0.0  -0.0
              6   18.25    2.5     -2.51   -1.69   -0.0      0.0       0.3     0.3    0.3    0.7    4.7    -1.70  -1.67
                 GR trace -25..+60 ms:
                 -25 ms   -0.0  -0.0  -0.0  -0.0  -0.0  -0.0  -0.0  -0.0  -0.0  -0.0  -0.0  -0.0  -0.0  -0.0  -0.0  -0.0  -0.0  -0.0  -0.0  -0.0
                  -5 ms   -0.0  -0.0  -0.0  -0.0  -0.0  -0.0  -0.0  -0.2  -0.2  -0.0  -0.7  -1.6  -0.7  -1.1  -1.0  -0.4  -0.2  -0.1  -0.1  -0.1
                 +15 ms   -0.1  -0.1  -0.1  -0.1  -0.1  -0.1  -0.1  -0.2  -0.3  -0.1  -0.1  -0.1  -0.1  -0.1  -0.1  -0.1  -0.1  -0.1  -0.1  -0.1
                 +35 ms   -0.1  -0.1  -0.1  -0.1  -0.1  -0.1  -0.1  -0.1  -0.1  -0.1  -0.1  -0.1  -0.1  -0.1  -0.1  -0.1  -0.0  -0.0  -0.0  -0.0
                 +55 ms   -0.0  -0.0  -0.0  -0.0  -0.0  -0.0
              7   24.61    0.8     -0.83   -1.07   -0.0      0.0       0.0     0.3    0.7    0.7    1.3    -1.11  -1.03
                 GR trace -25..+60 ms:
                 -25 ms   -0.0  -0.0  -0.0  -0.0  -0.0  -0.0  -0.0  -0.0  -0.0  -0.0  -0.0  -0.0  -0.0  -0.0  -0.0  -0.0  -0.0  -0.0  -0.0  -0.0
                  -5 ms   -0.0  -0.0  -0.0  -0.0  -0.0  -0.0  -0.9  -0.3  -0.1  -0.0  -0.0  -0.0  -0.0  -0.0  -0.0  -0.0  -0.5  -0.2  -0.0  -0.0
                 +15 ms   -0.0  -0.0  -0.0  -0.0  -0.0  -0.0  -0.0  -0.3  -0.1  -0.0  -0.0  -0.0  -0.0  -0.0  -0.0  -0.0  -0.0  -0.0  -0.0  -0.0
                 +35 ms   -0.0  -0.0  -0.0  -0.0  -0.0  -0.0  -0.6  -0.1  -0.0  -0.0  -0.0  -0.0  -0.0  -0.0  -0.0  -0.0  -0.0  -0.0  -0.0  -0.0
                 +55 ms   -0.0  -0.0  -0.0  -0.0  -0.0  -0.0
              8   25.29    0.2     -0.27   -0.14   -0.0      n/a       n/a     n/a    n/a    n/a    n/a    -0.21  -0.06
                 GR trace -25..+60 ms:
                 -25 ms   -0.0  -0.0  -0.0  -0.0  -0.0  -0.0  -0.0  -0.0  -0.0  -0.0  -0.0  -0.0  -0.0  -0.0  -0.0  -0.0  -0.0  -0.0  -0.0  -0.0
                  -5 ms   -0.0  -0.0  -0.0  -0.0  -0.0  -0.1  -0.0  -0.0  -0.0  -0.0  -0.0  -0.0  -0.0  -0.0  -0.0  -0.0  -0.0  -0.0  -0.0  -0.0
                 +15 ms   -0.0  -0.0  -0.0  -0.0  -0.0  -0.0  -0.0  -0.0  -0.0  -0.0  -0.0  -0.0  -0.0  -0.0  -0.0  -0.0  -0.0  -0.0  -0.0  -0.0
                 +35 ms   -0.0  -0.0  -0.0  -0.0  -0.0  -0.0  -0.0  -0.0  -0.0  -0.0  -0.0  -0.0  -0.0  -0.0  -0.0  -0.0  -0.0  -0.0  -0.0  -0.0
                 +55 ms   -0.0  -0.0  -0.0  -0.0  -0.0  -0.0
              9   30.07    4.6     -4.67   -3.94   -0.0      0.0       0.0     0.3    0.3    0.3    2.0    -3.84  -4.04
                 GR trace -25..+60 ms:
                 -25 ms   -0.0  -0.0  -0.0  -0.0  -0.0  -0.0  -0.0  -0.0  -0.0  -0.0  -0.0  -0.0  -0.0  -0.0  -0.0  -0.0  -0.0  -0.0  -0.0  -0.0
                  -5 ms   -0.0  -0.0  -0.0  -0.0  -0.0  -0.3  -1.9  -3.0  -2.0  -0.7  -0.5  -1.2  -0.7  -2.1  -0.6  -2.0  -2.0  -2.7  -0.9  -0.6
                 +15 ms   -0.2  -0.4  -1.0  -1.0  -0.5  -2.1  -0.4  -0.3  -1.1  -1.1  -0.8  -0.7  -0.9  -0.8  -0.3  -0.3  -0.3  -0.9  -1.1  -1.9
                 +35 ms   -1.1  -1.1  -2.1  -0.4  -0.3  -0.4  -1.2  -0.4  -0.7  -0.5  -0.8  -1.8  -0.9  -0.7  -0.4  -0.4  -0.4  -0.4  -0.4  -0.4
                 +55 ms   -0.4  -0.4  -0.4  -0.4  -0.4  -0.4
             10   32.80    2.2     -2.28   -1.91   -0.0      0.0       0.0     0.3    0.3    0.3    1.7    -1.96  -1.86
                 GR trace -25..+60 ms:
                 -25 ms   -0.0  -0.0  -0.0  -0.0  -0.0  -0.0  -0.0  -0.0  -0.0  -0.0  -0.0  -0.0  -0.0  -0.0  -0.0  -0.0  -0.0  -0.0  -0.0  -0.0
                  -5 ms   -0.0  -0.0  -0.0  -0.0  -0.0  -0.0  -0.0  -0.0  -0.8  -1.1  -0.6  -0.6  -0.6  -1.3  -0.6  -0.1  -0.0  -0.1  -0.1  -0.1
                 +15 ms   -0.0  -0.0  -0.0  -0.0  -0.0  -0.0  -0.0  -0.0  -0.0  -0.0  -0.0  -0.0  -0.0  -0.0  -0.0  -0.0  -0.0  -0.0  -0.0  -0.0
                 +35 ms   -0.0  -0.0  -0.0  -0.0  -0.0  -0.0  -0.0  -0.0  -0.0  -0.0  -0.0  -0.0  -0.0  -0.0  -0.0  -0.0  -0.0  -0.0  -0.0  -0.0
                 +55 ms   -0.0  -0.0  -0.0  -0.1  -0.0  -0.0
             11   39.93   -0.7     -0.00   -0.00   -0.0      n/a       n/a     n/a    n/a    n/a    n/a    -0.00  -0.00
                 GR trace -25..+60 ms:
                 -25 ms   -0.0  -0.0  -0.0  -0.0  -0.0  -0.0  -0.0  -0.0  -0.0  -0.0  -0.0  -0.0  -0.0  -0.0  -0.0  -0.0  -0.0  -0.0  -0.0  -0.0
                  -5 ms   -0.0  -0.0  -0.0  -0.0  -0.0  -0.0  -0.0  -0.0  -0.0  -0.0  -0.0  -0.0  -0.0  -0.0  -0.0  -0.0  -0.0  -0.0  -0.0  -0.0
                 +15 ms   -0.0  -0.0  -0.0  -0.0  -0.0  -0.0  -0.0  -0.0  -0.0  -0.0  -0.0  -0.0  -0.0  -0.0  -0.0  -0.0  -0.0  -0.0  -0.0  -0.0
                 +35 ms   -0.0  -0.0  -0.0  -0.0  -0.0  -0.0  -0.0  -0.0  -0.0  -0.0  -0.0  -0.0  -0.0  -0.0  -0.0  -0.0  -0.0  -0.0  -0.0  -0.0
                 +55 ms   -0.0  -0.0  -0.0  -0.0  -0.0  -0.0
             12   46.43   -4.2     -0.00   -0.00   -0.0      n/a       n/a     n/a    n/a    n/a    n/a    -0.00  -0.00
                 GR trace -25..+60 ms:
                 -25 ms   -0.0  -0.0  -0.0  -0.0  -0.0  -0.0  -0.0  -0.0  -0.0  -0.0  -0.0  -0.0  -0.0  -0.0  -0.0  -0.0  -0.0  -0.0  -0.0  -0.0
                  -5 ms   -0.0  -0.0  -0.0  -0.0  -0.0  -0.0  -0.0  -0.0  -0.0  -0.0  -0.0  -0.0  -0.0  -0.0  -0.0  -0.0  -0.0  -0.0  -0.0  -0.0
                 +15 ms   -0.0  -0.0  -0.0  -0.0  -0.0  -0.0  -0.0  -0.0  -0.0  -0.0  -0.0  -0.0  -0.0  -0.0  -0.0  -0.0  -0.0  -0.0  -0.0  -0.0
                 +35 ms   -0.0  -0.0  -0.0  -0.0  -0.0  -0.0  -0.0  -0.0  -0.0  -0.0  -0.0  -0.0  -0.0  -0.0  -0.0  -0.0  -0.0  -0.0  -0.0  -0.0
                 +55 ms   -0.0  -0.0  -0.0  -0.0  -0.0  -0.0
             13   46.90   -1.9     -0.00   -0.00   -0.0      n/a       n/a     n/a    n/a    n/a    n/a    -0.00  -0.00
                 GR trace -25..+60 ms:
                 -25 ms   -0.0  -0.0  -0.0  -0.0  -0.0  -0.0  -0.0  -0.0  -0.0  -0.0  -0.0  -0.0  -0.0  -0.0  -0.0  -0.0  -0.0  -0.0  -0.0  -0.0
                  -5 ms   -0.0  -0.0  -0.0  -0.0  -0.0  -0.0  -0.0  -0.0  -0.0  -0.0  -0.0  -0.0  -0.0  -0.0  -0.0  -0.0  -0.0  -0.0  -0.0  -0.0
                 +15 ms   -0.0  -0.0  -0.0  -0.0  -0.0  -0.0  -0.0  -0.0  -0.0  -0.0  -0.0  -0.0  -0.0  -0.0  -0.0  -0.0  -0.0  -0.0  -0.0  -0.0
                 +35 ms   -0.0  -0.0  -0.0  -0.0  -0.0  -0.0  -0.0  -0.0  -0.0  -0.0  -0.0  -0.0  -0.0  -0.0  -0.0  -0.0  -0.0  -0.0  -0.0  -0.0
                 +55 ms   -0.0  -0.0  -0.0  -0.0  -0.0  -0.0
             14   52.34    1.8     -1.85   -0.76   -0.0      n/a       n/a     n/a    n/a    n/a    n/a    -0.71  -0.80
                 GR trace -25..+60 ms:
                 -25 ms   -0.0  -0.0  -0.0  -0.0  -0.0  -0.0  -0.0  -0.0  -0.0  -0.0  -0.0  -0.0  -0.0  -0.0  -0.0  -0.0  -0.0  -0.0  -0.0  -0.0
                  -5 ms   -0.0  -0.0  -0.0  -0.0  -0.0  -0.0  -0.0  -0.0  -0.0  -0.0  -0.0  -0.0  -0.2  -0.1  -0.0  -0.0  -0.4  -0.5  -0.1  -0.0
                 +15 ms   -0.0  -0.0  -0.0  -0.0  -0.0  -0.0  -0.0  -0.0  -0.0  -0.0  -0.0  -0.0  -0.0  -0.0  -0.0  -0.0  -0.0  -0.0  -0.0  -0.0
                 +35 ms   -0.0  -0.0  -0.0  -0.0  -0.0  -0.0  -0.0  -0.0  -0.0  -0.1  -0.0  -0.0  -0.0  -0.0  -0.0  -0.0  -0.0  -0.0  -0.0  -0.1
                 +55 ms   -0.0  -0.0  -0.0  -0.0  -0.0  -0.0
ROW case=fullmix_hot tag=proL2 aligned=1 offset=0 outI=-10.07 inI=-9.93 tp=0.00 overs=0 edgeOvers=0 meterTp=-0.00 meterOvers=0 grMean=-0.08 grStd=0.09 crestOut=9.9 hits=15 retMed=-0.83 t63med=0.7 t90med=1.7 lrStd=0.03

==== limiter_ab_guard analyse: GREEN (0 problem(s)) ====
limiter_ab_guard analyse docs/limiter_ab/renders/styles/modern  gain +8.4 dB  ceiling +0.0 dB

#### case bass_sustain: source docs/limiter_ab/renders/styles/modern/source_bass_sustain.wav (pcm24, 48000 Hz, 2 ch, 58.18 s)

== case bass_sustain       tag proL2       48000 Hz  2792727 frames  offset +0 samples (0.00 ms)  [render 0.5 s longer, tail silent]  corr 0.997 0.996 0.999 0.997 0.995 0.000 0.998 0.997
  gain +8.4 dB  ceiling +0.0 dB
  loudness   in+gain  I -5.79 LUFS  Mmax -2.1  Smax -4.6   |  out  I -7.69 LUFS  Mmax -4.4  Smax -6.6   |  S std 2.23 -> 2.16 LU
  peaks      sample -0.01 dBFS  TRUE PEAK (arbiter, exact) -0.01 dBTP  overs above ceiling+0.02 dB: 0  [96-tap meter: -0.01 dBTP, 0 overs at +0.05]
  dynamics   GR mean -1.53 dB  max -3.49  std 0.75  p2p 3.40  |  crest in 5.8 -> out 4.9 dB  |  L-R GR std 0.00 dB
  hits       20 detected
              #    t(s)   over   retained   GRmin   base   pre(ms)   hold(ms)    t10    t50    t63    t90 (ms)   dipL   dipR
              0    0.08    4.1     -4.13   -4.12    0.0      0.0       0.7     1.0    6.0    7.0  898.3    -4.12  -4.12
                 GR trace -25..+60 ms:
                 -25 ms    n/a   n/a   n/a   n/a   0.0   0.0   0.0   0.0   0.0   n/a   n/a   n/a   n/a   n/a   n/a   n/a   n/a   0.0   n/a   0.0
                  -5 ms    0.0   0.0   0.0   0.0   0.0  -2.1  -3.2  -3.5  -3.7  -3.8  -3.5  -3.8  -4.0  -3.8  -3.3  -3.2  -3.2  -2.9  -2.2  -1.7
                 +15 ms   -1.1  -2.4  -2.7  -2.5  -2.3  -2.3  -2.4  -2.5  -2.6  -2.6  -2.5  -2.4  -2.4  -2.2  -1.9  -1.4  -1.2  -1.2  -1.5  -1.9
                 +35 ms   -2.0  -2.1  -2.1  -1.9  -1.8  -1.5  -1.3  -1.3  -1.6  -2.2  -2.3  -2.4  -2.4  -2.1  -1.9  -1.6  -1.4  -1.4  -1.5  -1.8
                 +55 ms   -2.0  -2.1  -2.2  -2.0  -1.9  -1.7
              1    1.44    4.1     -4.09   -4.08   -0.1      0.0       0.7     1.0   11.0   12.7  974.0    -4.08  -4.08
                 GR trace -25..+60 ms:
                 -25 ms    n/a   n/a   n/a   n/a   n/a   n/a  -0.1  -0.1  -0.1  -0.1  -0.1  -0.1  -0.1  -0.1  -0.1  -0.1   n/a   n/a  -0.1  -0.1
                  -5 ms   -0.1  -0.1  -0.1  -0.1  -0.1  -0.1  -0.2  -1.8  -2.9  -3.4  -3.7  -4.0  -4.0  -3.7  -3.3  -3.4  -3.6  -3.5  -3.3  -3.1
                 +15 ms   -3.0  -2.9  -2.4  -2.1  -1.8  -1.5  -1.1  -1.6  -2.6  -2.6  -2.4  -2.3  -2.2  -2.3  -2.3  -2.4  -2.5  -2.6  -2.5  -2.4
                 +35 ms   -2.4  -2.5  -2.5  -2.3  -2.0  -1.6  -1.4  -1.3  -1.3  -1.6  -2.1  -2.1  -2.2  -2.3  -2.2  -2.1  -2.0  -1.8  -1.6  -1.5
                 +55 ms   -1.4  -1.4  -2.0  -2.3  -2.4  -2.5
              2    3.71    4.1     -4.09   -4.09    0.0      0.0       0.3     1.0   11.3   13.0 1069.0    -4.09  -4.09
                 GR trace -25..+60 ms:
                 -25 ms    n/a   n/a   n/a   n/a   n/a   n/a   0.0   0.0   0.0   0.0   0.0   0.0   0.0   0.0   0.0   0.0   n/a   n/a   0.0   0.0
                  -5 ms    0.0   0.0   0.0   0.0   0.0   0.0  -0.1  -2.2  -3.1  -3.5  -3.7  -4.0  -3.9  -3.5  -3.3  -3.5  -3.5  -3.4  -3.3  -3.1
                 +15 ms   -3.0  -2.8  -2.3  -2.0  -1.7  -1.4  -1.0  -2.0  -2.6  -2.5  -2.4  -2.3  -2.2  -2.3  -2.3  -2.4  -2.5  -2.6  -2.5  -2.4
                 +35 ms   -2.5  -2.6  -2.5  -2.2  -2.0  -1.6  -1.4  -1.3  -1.3  -1.8  -2.1  -2.1  -2.2  -2.3  -2.2  -2.1  -1.9  -1.7  -1.6  -1.5
                 +55 ms   -1.4  -1.5  -2.1  -2.3  -2.4  -2.5
              3    5.31    3.6     -3.61   -3.61   -0.1      1.0       0.7     0.7   11.3   13.0 2929.3    -3.61  -3.61
                 GR trace -25..+60 ms:
                 -25 ms   -0.1  -0.1  -0.1  -0.1  -0.1  -0.1  -0.1  -0.1  -0.1  -0.1  -0.1  -0.1  -0.1  -0.1  -0.1  -0.1  -0.1  -0.1  -0.1  -0.1
                  -5 ms   -0.1  -0.1  -0.1  -0.2  -1.6  -2.4  -2.9  -3.2  -3.4  -3.5  -3.3  -2.8  -2.9  -3.0  -3.0  -3.0  -2.9  -2.8  -2.7  -2.4
                 +15 ms   -2.0  -1.7  -1.5  -1.3  -0.9  -0.9  -2.2  -2.4  -2.3  -2.2  -2.1  -2.1  -2.2  -2.2  -2.3  -2.4  -2.4  -2.4  -2.3  -2.4
                 +35 ms   -2.5  -2.5  -2.2  -2.0  -1.6  -1.4  -1.2  -1.2  -1.3  -1.9  -2.0  -2.1  -2.2  -2.2  -2.1  -2.0  -1.9  -1.7  -1.5  -1.4
                 +55 ms   -1.3  -1.3  -1.8  -2.3  -2.3  -2.4
              4    8.71    4.1     -4.09   -4.09   -0.2      0.0       0.7     1.0   11.0   12.7  967.7    -4.09  -4.09
                 GR trace -25..+60 ms:
                 -25 ms    n/a   n/a   n/a   n/a   n/a   n/a  -0.1  -0.1  -0.1  -0.1  -0.1  -0.1  -0.1  -0.1  -0.1  -0.1   n/a   n/a  -0.1  -0.1
                  -5 ms   -0.1  -0.1  -0.1  -0.1  -0.1  -0.1  -0.3  -2.2  -3.1  -3.5  -3.8  -4.0  -3.9  -3.5  -3.3  -3.5  -3.5  -3.4  -3.3  -3.1
                 +15 ms   -3.0  -2.8  -2.3  -2.0  -1.7  -1.4  -1.0  -2.0  -2.6  -2.5  -2.4  -2.3  -2.2  -2.3  -2.3  -2.4  -2.5  -2.6  -2.5  -2.4
                 +35 ms   -2.5  -2.6  -2.5  -2.2  -2.0  -1.6  -1.4  -1.3  -1.3  -1.8  -2.1  -2.1  -2.2  -2.3  -2.2  -2.1  -1.9  -1.7  -1.6  -1.5
                 +55 ms   -1.4  -1.5  -2.1  -2.3  -2.4  -2.5
              5   10.98    4.1     -4.09   -4.09    0.0      0.0       0.3     1.0   11.3   13.0 1068.7    -4.09  -4.09
                 GR trace -25..+60 ms:
                 -25 ms    n/a   n/a   n/a   n/a   n/a   n/a   0.0   0.0   0.0   0.0   0.0   0.0   0.0   0.0   0.0   0.0   n/a   n/a   0.0   0.0
                  -5 ms    0.0   0.0   0.0   0.0   0.0   0.0  -0.2  -2.5  -3.3  -3.6  -3.8  -4.0  -3.8  -3.3  -3.3  -3.5  -3.5  -3.4  -3.2  -3.1
                 +15 ms   -3.0  -2.6  -2.2  -1.9  -1.6  -1.4  -1.2  -2.3  -2.6  -2.5  -2.3  -2.2  -2.3  -2.3  -2.4  -2.4  -2.5  -2.6  -2.5  -2.4
                 +35 ms   -2.5  -2.6  -2.4  -2.1  -1.9  -1.5  -1.3  -1.3  -1.4  -1.9  -2.1  -2.2  -2.2  -2.3  -2.2  -2.0  -1.9  -1.7  -1.6  -1.4
                 +55 ms   -1.4  -1.6  -2.2  -2.4  -2.4  -2.5
              6   15.53   -3.4     -0.43   -0.46    0.0      n/a       n/a     n/a    n/a    n/a    n/a    -0.46  -0.46
                 GR trace -25..+60 ms:
                 -25 ms   -0.5  -0.5  -0.5  -0.5  -0.5  -0.5  -0.5  -0.5  -0.5  -0.5  -0.5  -0.5  -0.4  -0.4  -0.4  -0.4  -0.4  -0.4  -0.4  -0.4
                  -5 ms   -0.4  -0.4  -0.4  -0.4  -0.4  -0.4  -0.4  -0.4  -0.4  -0.4  -0.4  -0.4  -0.4  -0.4  -0.4  -0.4  -0.4  -0.4  -0.4  -0.4
                 +15 ms   -0.4  -0.4  -0.4  -0.4  -0.4  -0.4  -0.4  -0.4  -0.4  -0.4  -0.4  -0.4  -0.4  -0.4  -0.4  -0.4  -0.4  -0.4  -0.4  -0.4
                 +35 ms   -0.4  -0.4  -0.4  -0.4  -0.4  -0.4  -0.4  -0.4  -0.4  -0.4  -0.4  -0.4  -0.4  -0.4  -0.4  -0.4  -0.4  -0.4  -0.4  -0.4
                 +55 ms   -0.4  -0.4  -0.4  -0.4  -0.4  -0.4
              7   15.98    4.1     -4.09   -4.09   -0.2      0.0       0.3     1.0   11.0   12.7 2246.7    -4.09  -4.09
                 GR trace -25..+60 ms:
                 -25 ms    n/a   n/a   n/a   n/a   n/a   n/a  -0.1  -0.1  -0.1  -0.1  -0.1  -0.1  -0.1  -0.1  -0.1  -0.1   n/a   n/a  -0.1  -0.1
                  -5 ms   -0.1  -0.1  -0.1  -0.1  -0.1  -0.1  -0.3  -2.5  -3.3  -3.6  -3.8  -4.0  -3.8  -3.3  -3.3  -3.5  -3.5  -3.4  -3.2  -3.1
                 +15 ms   -3.0  -2.6  -2.2  -1.9  -1.6  -1.4  -1.2  -2.3  -2.6  -2.5  -2.3  -2.2  -2.3  -2.3  -2.4  -2.4  -2.5  -2.6  -2.5  -2.4
                 +35 ms   -2.5  -2.6  -2.4  -2.1  -1.9  -1.5  -1.3  -1.3  -1.4  -1.9  -2.1  -2.2  -2.2  -2.3  -2.2  -2.0  -1.9  -1.7  -1.6  -1.4
                 +55 ms   -1.4  -1.6  -2.2  -2.4  -2.4  -2.5
              8   18.26    4.1     -4.10   -4.09    0.0      0.0       0.7     0.7   11.0   13.0 1068.7    -4.09  -4.09
                 GR trace -25..+60 ms:
                 -25 ms    n/a   n/a   n/a   n/a   n/a   n/a   0.0   0.0   0.0   0.0   0.0   0.0   0.0   0.0   0.0   0.0   n/a   n/a   0.0   0.0
                  -5 ms    0.0   0.0   0.0   0.0   0.0   0.0   0.0  -0.7  -2.8  -3.4  -3.7  -3.9  -4.0  -3.7  -3.3  -3.4  -3.6  -3.5  -3.4  -3.2
                 +15 ms   -3.1  -2.9  -2.5  -2.1  -1.8  -1.6  -1.2  -1.4  -2.5  -2.6  -2.4  -2.3  -2.2  -2.3  -2.3  -2.4  -2.5  -2.5  -2.6  -2.4
                 +35 ms   -2.4  -2.5  -2.6  -2.3  -2.1  -1.7  -1.5  -1.3  -1.3  -1.5  -2.0  -2.1  -2.2  -2.3  -2.3  -2.1  -2.0  -1.8  -1.7  -1.5
                 +55 ms   -1.4  -1.4  -1.8  -2.3  -2.4  -2.5
              9   19.85    3.6     -3.61   -3.60   -0.1      0.3       0.7     1.0   11.3   13.3 2929.7    -3.60  -3.60
                 GR trace -25..+60 ms:
                 -25 ms   -0.1  -0.1  -0.1  -0.1  -0.1  -0.1  -0.1  -0.1  -0.1  -0.1  -0.1  -0.1  -0.1  -0.1  -0.1  -0.1  -0.1  -0.1  -0.1  -0.1
                  -5 ms   -0.1  -0.1  -0.1  -0.1  -0.3  -2.1  -2.8  -3.0  -3.3  -3.6  -3.4  -3.0  -2.9  -3.0  -3.0  -3.0  -2.9  -2.8  -2.7  -2.5
                 +15 ms   -2.2  -1.8  -1.6  -1.4  -1.2  -0.9  -1.6  -2.4  -2.3  -2.2  -2.1  -2.1  -2.2  -2.2  -2.3  -2.3  -2.4  -2.4  -2.3  -2.4
                 +35 ms   -2.4  -2.5  -2.3  -2.1  -1.9  -1.5  -1.3  -1.2  -1.2  -1.6  -2.0  -2.1  -2.1  -2.2  -2.2  -2.1  -1.9  -1.8  -1.6  -1.5
                 +55 ms   -1.4  -1.3  -1.5  -2.1  -2.3  -2.4
             10   23.26    4.1     -4.10   -4.09   -0.2      0.0       0.7     0.7   11.0   12.7  967.3    -4.09  -4.09
                 GR trace -25..+60 ms:
                 -25 ms    n/a   n/a   n/a   n/a   n/a   n/a  -0.1  -0.1  -0.1  -0.1  -0.1  -0.1  -0.1  -0.1  -0.1  -0.1   n/a   n/a  -0.1  -0.1
                  -5 ms   -0.1  -0.1  -0.1  -0.1  -0.1  -0.1  -0.1  -0.8  -2.8  -3.4  -3.7  -3.9  -4.0  -3.7  -3.3  -3.4  -3.6  -3.5  -3.4  -3.2
                 +15 ms   -3.1  -2.9  -2.5  -2.1  -1.8  -1.6  -1.2  -1.4  -2.5  -2.6  -2.4  -2.3  -2.2  -2.3  -2.3  -2.4  -2.5  -2.5  -2.6  -2.4
                 +35 ms   -2.4  -2.5  -2.6  -2.3  -2.1  -1.7  -1.5  -1.3  -1.3  -1.5  -2.0  -2.1  -2.2  -2.3  -2.3  -2.1  -2.0  -1.8  -1.7  -1.5
                 +55 ms   -1.4  -1.4  -1.8  -2.3  -2.4  -2.5
             11   25.53    4.1     -4.09   -4.08    0.0      0.0       0.7     1.0   11.3   13.0 1069.7    -4.08  -4.08
                 GR trace -25..+60 ms:
                 -25 ms    n/a   n/a   n/a   n/a   n/a   n/a   0.0   0.0   0.0   0.0   0.0   0.0   0.0   0.0   0.0   0.0   n/a   n/a   0.0   0.0
                  -5 ms    0.0   0.0   0.0   0.0   0.0   0.0  -0.1  -1.9  -3.0  -3.4  -3.7  -4.0  -3.9  -3.6  -3.3  -3.5  -3.6  -3.5  -3.3  -3.1
                 +15 ms   -3.0  -2.8  -2.4  -2.1  -1.8  -1.5  -1.0  -1.7  -2.6  -2.5  -2.4  -2.3  -2.2  -2.3  -2.3  -2.4  -2.5  -2.6  -2.5  -2.4
                 +35 ms   -2.5  -2.5  -2.5  -2.3  -2.0  -1.6  -1.4  -1.3  -1.3  -1.7  -2.1  -2.1  -2.2  -2.3  -2.2  -2.1  -2.0  -1.7  -1.6  -1.5
                 +55 ms   -1.4  -1.5  -2.0  -2.3  -2.4  -2.5
             12   30.08    4.1     -4.13   -4.12    0.0      0.0       0.7     1.0    6.0    7.0 1530.0    -4.12  -4.12
                 GR trace -25..+60 ms:
                 -25 ms    n/a   n/a   n/a   n/a  -0.2  -0.2  -0.2  -0.2  -0.2   n/a   n/a   n/a   n/a   n/a   n/a   n/a   n/a  -0.2   n/a  -0.2
                  -5 ms   -0.2  -0.2  -0.2  -0.2  -0.2  -2.2  -3.2  -3.5  -3.7  -3.7  -3.5  -3.8  -4.0  -3.8  -3.3  -3.2  -3.2  -2.9  -2.2  -1.7
                 +15 ms   -1.1  -2.4  -2.7  -2.5  -2.3  -2.3  -2.4  -2.5  -2.6  -2.6  -2.5  -2.4  -2.4  -2.2  -1.9  -1.4  -1.2  -1.2  -1.5  -1.9
                 +35 ms   -2.0  -2.1  -2.1  -1.9  -1.8  -1.5  -1.3  -1.3  -1.6  -2.2  -2.3  -2.4  -2.4  -2.1  -1.9  -1.6  -1.4  -1.4  -1.5  -1.8
                 +55 ms   -2.0  -2.1  -2.2  -2.0  -1.9  -1.7
             13   32.80    4.1     -4.09   -4.07    0.0      0.0       0.7     1.0   11.3   13.0 1070.3    -4.07  -4.07
                 GR trace -25..+60 ms:
                 -25 ms    n/a   n/a   n/a   n/a   n/a   n/a   0.0   0.0   0.0   0.0   0.0   0.0   0.0   0.0   0.0   0.0   n/a   n/a   0.0   0.0
                  -5 ms    0.0   0.0   0.0   0.0   0.0   0.0  -0.2  -2.3  -3.2  -3.5  -3.8  -4.0  -3.8  -3.4  -3.3  -3.5  -3.5  -3.4  -3.3  -3.1
                 +15 ms   -3.0  -2.7  -2.3  -2.0  -1.7  -1.4  -1.1  -2.1  -2.6  -2.5  -2.4  -2.3  -2.2  -2.3  -2.3  -2.4  -2.5  -2.6  -2.5  -2.4
                 +35 ms   -2.5  -2.6  -2.5  -2.2  -2.0  -1.6  -1.4  -1.3  -1.3  -1.8  -2.1  -2.1  -2.2  -2.3  -2.2  -2.0  -1.9  -1.7  -1.6  -1.5
                 +55 ms   -1.4  -1.5  -2.2  -2.3  -2.4  -2.5
             14   34.40    3.9     -3.93   -3.92   -0.1      1.0       0.7     1.0   11.7   13.7 9290.7    -3.92  -3.92
                 GR trace -25..+60 ms:
                 -25 ms   -0.1  -0.1  -0.1  -0.1  -0.1  -0.1  -0.1  -0.1  -0.1  -0.1  -0.1  -0.1  -0.1  -0.1  -0.1  -0.1  -0.1  -0.1  -0.1  -0.1
                  -5 ms   -0.1  -0.1  -0.1  -0.2  -1.9  -2.8  -3.2  -3.5  -3.8  -3.8  -3.5  -3.1  -3.2  -3.3  -3.3  -3.2  -3.1  -3.0  -2.9  -2.5
                 +15 ms   -2.2  -1.9  -1.6  -1.4  -1.0  -1.1  -2.4  -2.5  -2.4  -2.3  -2.3  -2.3  -2.3  -2.4  -2.4  -2.5  -2.5  -2.5  -2.4  -2.5
                 +35 ms   -2.6  -2.5  -2.3  -2.1  -1.7  -1.4  -1.3  -1.3  -1.5  -2.0  -2.1  -2.2  -2.2  -2.3  -2.2  -2.0  -1.9  -1.7  -1.6  -1.5
                 +55 ms   -1.4  -1.4  -1.9  -2.3  -2.4  -2.4
             15   43.71    4.1     -4.13   -4.12    0.0      0.0       0.7     1.0    6.0    7.0  898.7    -4.12  -4.12
                 GR trace -25..+60 ms:
                 -25 ms    n/a   n/a   n/a   n/a   0.0   0.0   0.0   0.0   0.0   n/a   n/a   n/a   n/a   n/a   n/a   n/a   n/a   0.0   n/a   0.0
                  -5 ms    0.0   0.0   0.0   0.0   0.0  -1.4  -2.9  -3.4  -3.6  -3.8  -3.5  -3.6  -4.1  -3.9  -3.5  -3.2  -3.2  -3.1  -2.4  -1.9
                 +15 ms   -1.1  -2.0  -2.7  -2.5  -2.3  -2.3  -2.3  -2.5  -2.5  -2.6  -2.5  -2.4  -2.4  -2.3  -2.0  -1.5  -1.3  -1.2  -1.3  -1.8
                 +35 ms   -2.0  -2.1  -2.1  -2.0  -1.8  -1.5  -1.4  -1.3  -1.4  -2.0  -2.2  -2.4  -2.4  -2.2  -2.0  -1.7  -1.5  -1.4  -1.4  -1.7
                 +55 ms   -1.9  -2.0  -2.2  -2.1  -1.9  -1.7
             16   47.35    4.1     -4.09   -4.09    0.0      0.0       0.3     1.0   11.3   13.0 1068.7    -4.09  -4.09
                 GR trace -25..+60 ms:
                 -25 ms    n/a   n/a   n/a   n/a   n/a   n/a   0.0   0.0   0.0   0.0   0.0   0.0   0.0   0.0   0.0   0.0   n/a   n/a   0.0   0.0
                  -5 ms    0.0   0.0   0.0   0.0   0.0   0.0   0.0  -1.3  -2.8  -3.4  -3.7  -3.9  -4.0  -3.7  -3.3  -3.4  -3.6  -3.5  -3.4  -3.1
                 +15 ms   -3.1  -2.9  -2.5  -2.1  -1.8  -1.5  -1.1  -1.5  -2.5  -2.6  -2.4  -2.3  -2.2  -2.3  -2.3  -2.4  -2.5  -2.5  -2.6  -2.4
                 +35 ms   -2.4  -2.5  -2.5  -2.3  -2.1  -1.7  -1.4  -1.3  -1.3  -1.6  -2.0  -2.1  -2.2  -2.3  -2.3  -2.1  -2.0  -1.8  -1.6  -1.5
                 +55 ms   -1.4  -1.4  -1.9  -2.3  -2.4  -2.5
             17   48.94    3.6     -3.61   -3.61   -0.1      0.7       0.7     0.7   11.3   13.3 2929.3    -3.61  -3.61
                 GR trace -25..+60 ms:
                 -25 ms   -0.1  -0.1  -0.1  -0.1  -0.1  -0.1  -0.1  -0.1  -0.1  -0.1  -0.1  -0.1  -0.1  -0.1  -0.1  -0.1  -0.1  -0.1  -0.1  -0.1
                  -5 ms   -0.1  -0.1  -0.1  -0.1  -0.5  -2.2  -2.8  -3.1  -3.3  -3.6  -3.3  -2.9  -2.9  -3.0  -3.0  -3.0  -2.9  -2.8  -2.7  -2.5
                 +15 ms   -2.1  -1.8  -1.6  -1.3  -1.1  -0.9  -1.8  -2.4  -2.3  -2.2  -2.1  -2.1  -2.2  -2.2  -2.3  -2.3  -2.4  -2.4  -2.3  -2.4
                 +35 ms   -2.4  -2.5  -2.3  -2.1  -1.8  -1.5  -1.3  -1.2  -1.2  -1.7  -2.0  -2.1  -2.1  -2.2  -2.2  -2.0  -1.9  -1.8  -1.6  -1.5
                 +55 ms   -1.4  -1.3  -1.5  -2.2  -2.3  -2.4
             18   52.35    4.1     -4.09   -4.09   -0.2      0.0       0.3     1.0   11.0   12.7  967.7    -4.09  -4.09
                 GR trace -25..+60 ms:
                 -25 ms    n/a   n/a   n/a   n/a   n/a   n/a  -0.1  -0.1  -0.1  -0.1  -0.1  -0.1  -0.1  -0.1  -0.1  -0.1   n/a   n/a  -0.1  -0.1
                  -5 ms   -0.1  -0.1  -0.1  -0.1  -0.1  -0.1  -0.1  -1.4  -2.8  -3.4  -3.7  -3.9  -4.0  -3.7  -3.3  -3.4  -3.6  -3.5  -3.4  -3.1
                 +15 ms   -3.1  -2.9  -2.5  -2.1  -1.8  -1.5  -1.1  -1.5  -2.5  -2.6  -2.4  -2.3  -2.2  -2.3  -2.3  -2.4  -2.5  -2.5  -2.6  -2.4
                 +35 ms   -2.4  -2.5  -2.5  -2.3  -2.1  -1.7  -1.4  -1.3  -1.3  -1.6  -2.0  -2.1  -2.2  -2.3  -2.3  -2.1  -2.0  -1.8  -1.6  -1.5
                 +55 ms   -1.4  -1.4  -1.9  -2.3  -2.4  -2.5
             19   54.62    4.1     -4.09   -4.09    0.0      0.0       0.3     1.0   11.3   13.3 1069.0    -4.09  -4.09
                 GR trace -25..+60 ms:
                 -25 ms    n/a   n/a   n/a   n/a   n/a   n/a   0.0   0.0   0.0   0.0   0.0   0.0   0.0   0.0   0.0   0.0   n/a   n/a   0.0   0.0
                  -5 ms    0.0   0.0   0.0   0.0   0.0   0.0  -0.1  -2.0  -3.0  -3.5  -3.7  -4.0  -3.9  -3.6  -3.3  -3.5  -3.6  -3.5  -3.3  -3.1
                 +15 ms   -3.0  -2.8  -2.4  -2.0  -1.7  -1.5  -1.0  -1.8  -2.6  -2.5  -2.4  -2.3  -2.2  -2.3  -2.3  -2.4  -2.5  -2.6  -2.5  -2.4
                 +35 ms   -2.5  -2.5  -2.5  -2.2  -2.0  -1.6  -1.4  -1.3  -1.3  -1.7  -2.1  -2.1  -2.2  -2.3  -2.2  -2.1  -1.9  -1.7  -1.6  -1.5
                 +55 ms   -1.4  -1.5  -2.1  -2.3  -2.4  -2.5
ROW case=bass_sustain tag=proL2 aligned=1 offset=0 outI=-7.69 inI=-5.79 tp=-0.01 overs=0 edgeOvers=0 meterTp=-0.01 meterOvers=0 grMean=-1.53 grStd=0.75 crestOut=4.9 hits=20 retMed=-4.09 t63med=13.0 t90med=1069.0 lrStd=0.00

==== limiter_ab_guard analyse: GREEN (0 problem(s)) ====
limiter_ab_guard analyse docs/limiter_ab/renders/styles/modern  gain +8.2 dB  ceiling +0.0 dB

#### case probe_transients: source docs/limiter_ab/renders/styles/modern/source_probe_transients.wav (float32, 48000 Hz, 2 ch, 36.70 s)

== case probe_transients   tag proL2       48000 Hz  1761600 frames  offset +0 samples (0.00 ms)  corr 1.000 1.000
  gain +8.2 dB  ceiling +0.0 dB
  loudness   in+gain  I -1.95 LUFS  Mmax 9.5  Smax 4.9   |  out  I -4.89 LUFS  Mmax 2.4  Smax -1.7   |  S std 3.29 -> 1.28 LU
  peaks      sample -0.00 dBFS  TRUE PEAK (arbiter, exact) -0.00 dBTP  overs above ceiling+0.02 dB: 0  [96-tap meter: -0.00 dBTP, 0 overs at +0.05]
  dynamics   GR mean -0.75 dB  max -8.11  std 1.72  p2p 8.11  |  crest in 4.7 -> out 4.1 dB  |  L-R GR std 0.00 dB
  hits       14 detected  (layout: 14)
              #    t(s)   over   retained   GRmin   base   pre(ms)   hold(ms)    t10    t50    t63    t90 (ms)   dipL   dipR
              0    1.10    8.2     -8.20   -7.85   -0.0      0.3       0.0     0.3    0.3    0.3    0.3    -7.85  -7.85
                 GR trace -25..+60 ms:
                 -25 ms   -0.0  -0.0  -0.0  -0.0  -0.0  -0.0  -0.0  -0.0  -0.0  -0.0  -0.0  -0.0  -0.0  -0.0  -0.0  -0.0  -0.0  -0.0  -0.0  -0.0
                  -5 ms   -0.0  -0.0  -0.0  -0.0  -1.2  -3.6  -0.0  -0.0  -0.0  -0.0  -0.0  -0.0  -0.0  -0.0  -0.0  -0.0  -0.0  -0.0  -0.0  -0.0
                 +15 ms   -0.0  -0.0  -0.0  -0.0  -0.0  -0.0  -0.0  -0.0  -0.0  -0.0  -0.0  -0.0  -0.0  -0.0  -0.0  -0.0  -0.0  -0.0  -0.0  -0.0
                 +35 ms   -0.0  -0.0  -0.0  -0.0  -0.0  -0.0  -0.0  -0.0  -0.0  -0.0  -0.0  -0.0  -0.0  -0.0  -0.0  -0.0  -0.0  -0.0  -0.0  -0.0
                 +55 ms   -0.0  -0.0  -0.0  -0.0  -0.0  -0.0
              1    3.60    8.2     -8.87   -7.01   -0.0      0.3       0.0     0.3    0.7    0.7    0.7    -7.01  -7.01
                 GR trace -25..+60 ms:
                 -25 ms   -0.0  -0.0  -0.0  -0.0  -0.0  -0.0  -0.0  -0.0  -0.0  -0.0  -0.0  -0.0  -0.0  -0.0  -0.0  -0.0  -0.0  -0.0  -0.0  -0.0
                  -5 ms   -0.0  -0.0  -0.0  -0.0  -0.4  -5.9  -0.2  -0.1  -0.1  -0.1  -0.1  -0.1  -0.1  -0.1  -0.1  -0.1  -0.1  -0.1  -0.1  -0.1
                 +15 ms   -0.1  -0.1  -0.1  -0.1  -0.1  -0.1  -0.1  -0.1  -0.1  -0.1  -0.0  -0.0  -0.0  -0.0  -0.0  -0.0  -0.0  -0.0  -0.0  -0.0
                 +35 ms   -0.0  -0.0  -0.0  -0.0  -0.0  -0.0  -0.0  -0.0  -0.0  -0.0  -0.0  -0.0  -0.0  -0.0  -0.0  -0.0  -0.0  -0.0  -0.0  -0.0
                 +55 ms   -0.0  -0.0  -0.0  -0.0  -0.0  -0.0
              2    6.10    8.2     -8.52   -7.30   -0.0      0.0       0.0     0.3    1.7    1.7    1.7    -7.30  -7.30
                 GR trace -25..+60 ms:
                 -25 ms   -0.0  -0.0  -0.0  -0.0  -0.0  -0.0  -0.0  -0.0  -0.0  -0.0  -0.0  -0.0  -0.0  -0.0  -0.0  -0.0  -0.0  -0.0  -0.0  -0.0
                  -5 ms   -0.0  -0.0  -0.0  -0.0  -0.2  -6.1  -6.3  -0.4  -0.2  -0.2  -0.2  -0.2  -0.2  -0.2  -0.2  -0.2  -0.2  -0.2  -0.2  -0.2
                 +15 ms   -0.2  -0.2  -0.2  -0.2  -0.2  -0.2  -0.2  -0.2  -0.2  -0.2  -0.2  -0.2  -0.2  -0.2  -0.2  -0.2  -0.2  -0.2  -0.2  -0.2
                 +35 ms   -0.2  -0.2  -0.2  -0.2  -0.2  -0.2  -0.2  -0.2  -0.1  -0.1  -0.1  -0.1  -0.1  -0.1  -0.1  -0.1  -0.1  -0.1  -0.1  -0.1
                 +55 ms   -0.1  -0.1  -0.1  -0.1  -0.1  -0.1
              3    8.60    8.2     -8.44   -7.32   -0.0      0.0       0.0     0.3    9.7    9.7   59.0    -7.32  -7.32
                 GR trace -25..+60 ms:
                 -25 ms   -0.0  -0.0  -0.0  -0.0  -0.0  -0.0  -0.0  -0.0  -0.0  -0.0  -0.0  -0.0  -0.0  -0.0  -0.0  -0.0  -0.0  -0.0  -0.0  -0.0
                  -5 ms   -0.0  -0.0  -0.0  -0.0  -0.2  -6.1  -6.7  -6.7  -6.7  -6.7  -6.7  -6.7  -6.7  -6.7  -6.4  -1.3  -1.1  -1.1  -1.1  -1.1
                 +15 ms   -1.1  -1.1  -1.1  -1.1  -1.1  -1.1  -1.1  -1.0  -1.0  -1.0  -1.0  -1.0  -1.0  -1.0  -1.0  -1.0  -1.0  -1.0  -1.0  -1.0
                 +35 ms   -1.0  -0.9  -0.9  -0.9  -0.9  -0.9  -0.9  -0.9  -0.9  -0.9  -0.9  -0.8  -0.8  -0.8  -0.8  -0.8  -0.8  -0.8  -0.8  -0.8
                 +55 ms   -0.8  -0.8  -0.7  -0.7  -0.7  -0.7
              4   11.10    8.2     -8.44   -7.30   -0.0      0.0       0.0     0.3   50.3   95.7  449.3    -7.30  -7.30
                 GR trace -25..+60 ms:
                 -25 ms   -0.0  -0.0  -0.0  -0.0  -0.0  -0.0  -0.0  -0.0  -0.0  -0.0  -0.0  -0.0  -0.0  -0.0  -0.0  -0.0  -0.0  -0.0  -0.0  -0.0
                  -5 ms   -0.0  -0.0  -0.0  -0.0  -0.2  -6.1  -6.7  -6.7  -6.7  -6.7  -6.7  -6.7  -6.7  -6.7  -6.7  -6.7  -6.7  -6.7  -6.7  -6.7
                 +15 ms   -6.7  -6.7  -6.7  -6.7  -6.7  -6.7  -6.7  -6.7  -6.7  -6.7  -6.7  -6.7  -6.7  -6.7  -6.7  -6.7  -6.7  -6.7  -6.7  -6.7
                 +35 ms   -6.7  -6.7  -6.7  -6.7  -6.7  -6.7  -6.7  -6.7  -6.7  -6.7  -6.7  -6.7  -6.7  -6.7  -6.5  -3.8  -3.6  -3.6  -3.6  -3.6
                 +55 ms   -3.6  -3.6  -3.6  -3.6  -3.6  -3.6
              5   13.60    8.2     -8.44   -7.30   -0.0      0.0       0.0     0.3  360.0  475.3  961.0    -7.30  -7.30
                 GR trace -25..+60 ms:
                 -25 ms   -0.0  -0.0  -0.0  -0.0  -0.0  -0.0  -0.0  -0.0  -0.0  -0.0  -0.0  -0.0  -0.0  -0.0  -0.0  -0.0  -0.0  -0.0  -0.0  -0.0
                  -5 ms   -0.0  -0.0  -0.0  -0.0  -0.2  -6.1  -6.7  -6.7  -6.7  -6.7  -6.7  -6.7  -6.7  -6.7  -6.7  -6.7  -6.7  -6.7  -6.7  -6.7
                 +15 ms   -6.7  -6.7  -6.7  -6.7  -6.7  -6.7  -6.7  -6.7  -6.7  -6.7  -6.7  -6.7  -6.7  -6.7  -6.7  -6.7  -6.7  -6.7  -6.7  -6.7
                 +35 ms   -6.7  -6.7  -6.7  -6.7  -6.7  -6.7  -6.7  -6.7  -6.7  -6.7  -6.7  -6.7  -6.7  -6.7  -6.7  -6.7  -6.7  -6.7  -6.7  -6.7
                 +55 ms   -6.7  -6.7  -6.7  -6.7  -6.7  -6.7
              6   16.10    8.2     -8.44   -7.30   -0.0      0.0       0.0     0.3 1324.0 1439.0 1920.3    -7.30  -7.30
                 GR trace -25..+60 ms:
                 -25 ms   -0.0  -0.0  -0.0  -0.0  -0.0  -0.0  -0.0  -0.0  -0.0  -0.0  -0.0  -0.0  -0.0  -0.0  -0.0  -0.0  -0.0  -0.0  -0.0  -0.0
                  -5 ms   -0.0  -0.0  -0.0  -0.0  -0.2  -6.1  -6.7  -6.7  -6.7  -6.7  -6.7  -6.7  -6.7  -6.7  -6.7  -6.7  -6.7  -6.7  -6.7  -6.7
                 +15 ms   -6.7  -6.7  -6.7  -6.7  -6.7  -6.7  -6.7  -6.7  -6.7  -6.7  -6.7  -6.7  -6.7  -6.7  -6.7  -6.7  -6.7  -6.7  -6.7  -6.7
                 +35 ms   -6.7  -6.7  -6.7  -6.7  -6.7  -6.7  -6.7  -6.7  -6.7  -6.7  -6.7  -6.7  -6.7  -6.7  -6.7  -6.7  -6.7  -6.7  -6.7  -6.7
                 +55 ms   -6.7  -6.7  -6.7  -6.7  -6.7  -6.7
              7   18.60    4.0     -4.00   -3.72   -0.2      0.3       0.0     0.3    0.3    0.3    0.3    -3.72  -3.72
                 GR trace -25..+60 ms:
                 -25 ms   -0.2  -0.2  -0.2  -0.2  -0.2  -0.2  -0.2  -0.2  -0.2  -0.2  -0.2  -0.2  -0.2  -0.2  -0.2  -0.2  -0.2  -0.2  -0.2  -0.2
                  -5 ms   -0.2  -0.2  -0.2  -0.2  -0.9  -1.6  -0.2  -0.2  -0.2  -0.2  -0.2  -0.2  -0.2  -0.2  -0.2  -0.2  -0.2  -0.2  -0.2  -0.2
                 +15 ms   -0.2  -0.2  -0.2  -0.2  -0.2  -0.2  -0.2  -0.2  -0.2  -0.2  -0.2  -0.2  -0.2  -0.2  -0.2  -0.2  -0.1  -0.1  -0.1  -0.1
                 +35 ms   -0.1  -0.1  -0.1  -0.1  -0.1  -0.1  -0.1  -0.1  -0.1  -0.1  -0.1  -0.1  -0.1  -0.1  -0.1  -0.1  -0.1  -0.1  -0.1  -0.1
                 +55 ms   -0.1  -0.1  -0.1  -0.1  -0.1  -0.1
              8   21.10    4.0     -4.17   -3.17   -0.0      0.0       0.0     0.3    0.7    0.7    0.7    -3.17  -3.17
                 GR trace -25..+60 ms:
                 -25 ms   -0.0  -0.0  -0.0  -0.0  -0.0  -0.0  -0.0  -0.0  -0.0  -0.0  -0.0  -0.0  -0.0  -0.0  -0.0  -0.0  -0.0  -0.0  -0.0  -0.0
                  -5 ms   -0.0  -0.0  -0.0  -0.0  -0.1  -2.5  -0.0  -0.0  -0.0  -0.0  -0.0  -0.0  -0.0  -0.0  -0.0  -0.0  -0.0  -0.0  -0.0  -0.0
                 +15 ms   -0.0  -0.0  -0.0  -0.0  -0.0  -0.0  -0.0  -0.0  -0.0  -0.0  -0.0  -0.0  -0.0  -0.0  -0.0  -0.0  -0.0  -0.0  -0.0  -0.0
                 +35 ms   -0.0  -0.0  -0.0  -0.0  -0.0  -0.0  -0.0  -0.0  -0.0  -0.0  -0.0  -0.0  -0.0  -0.0  -0.0  -0.0  -0.0  -0.0  -0.0  -0.0
                 +55 ms   -0.0  -0.0  -0.0  -0.0  -0.0  -0.0
              9   23.60    4.0     -4.13   -2.89   -0.0      0.0       0.0     0.3    1.3    1.3    1.3    -2.89  -2.89
                 GR trace -25..+60 ms:
                 -25 ms   -0.0  -0.0  -0.0  -0.0  -0.0  -0.0  -0.0  -0.0  -0.0  -0.0  -0.0  -0.0  -0.0  -0.0  -0.0  -0.0  -0.0  -0.0  -0.0  -0.0
                  -5 ms   -0.0  -0.0  -0.0  -0.0  -0.0  -1.9  -2.1  -0.1  -0.0  -0.0  -0.0  -0.0  -0.0  -0.0  -0.0  -0.0  -0.0  -0.0  -0.0  -0.0
                 +15 ms   -0.0  -0.0  -0.0  -0.0  -0.0  -0.0  -0.0  -0.0  -0.0  -0.0  -0.0  -0.0  -0.0  -0.0  -0.0  -0.0  -0.0  -0.0  -0.0  -0.0
                 +35 ms   -0.0  -0.0  -0.0  -0.0  -0.0  -0.0  -0.0  -0.0  -0.0  -0.0  -0.0  -0.0  -0.0  -0.0  -0.0  -0.0  -0.0  -0.0  -0.0  -0.0
                 +55 ms   -0.0  -0.0  -0.0  -0.0  -0.0  -0.0
             10   26.10    4.0     -4.13   -2.95   -0.0      0.0       0.0     0.3    6.3    6.3    7.0    -2.95  -2.95
                 GR trace -25..+60 ms:
                 -25 ms   -0.0  -0.0  -0.0  -0.0  -0.0  -0.0  -0.0  -0.0  -0.0  -0.0  -0.0  -0.0  -0.0  -0.0  -0.0  -0.0  -0.0  -0.0  -0.0  -0.0
                  -5 ms   -0.0  -0.0  -0.0  -0.0  -0.0  -1.9  -2.3  -2.3  -2.3  -2.3  -2.3  -2.3  -2.4  -2.4  -2.2  -0.3  -0.2  -0.2  -0.2  -0.2
                 +15 ms   -0.2  -0.2  -0.2  -0.2  -0.2  -0.2  -0.2  -0.2  -0.2  -0.2  -0.2  -0.2  -0.2  -0.2  -0.2  -0.2  -0.2  -0.2  -0.2  -0.2
                 +35 ms   -0.2  -0.2  -0.2  -0.2  -0.2  -0.2  -0.2  -0.2  -0.2  -0.2  -0.2  -0.2  -0.2  -0.2  -0.2  -0.2  -0.2  -0.2  -0.2  -0.2
                 +55 ms   -0.2  -0.2  -0.2  -0.2  -0.2  -0.2
             11   28.60    4.0     -4.12   -3.09   -0.0      0.0       0.0     0.3   27.3   27.7  324.3    -3.09  -3.09
                 GR trace -25..+60 ms:
                 -25 ms   -0.0  -0.0  -0.0  -0.0  -0.0  -0.0  -0.0  -0.0  -0.0  -0.0  -0.0  -0.0  -0.0  -0.0  -0.0  -0.0  -0.0  -0.0  -0.0  -0.0
                  -5 ms   -0.0  -0.0  -0.0  -0.0  -0.0  -1.9  -2.3  -2.3  -2.3  -2.3  -2.3  -2.3  -2.4  -2.4  -2.4  -2.4  -2.4  -2.4  -2.4  -2.4
                 +15 ms   -2.4  -2.5  -2.5  -2.5  -2.5  -2.5  -2.5  -2.5  -2.5  -2.5  -2.6  -2.6  -2.6  -2.6  -2.6  -2.6  -2.6  -2.6  -2.6  -2.6
                 +35 ms   -2.7  -2.7  -2.7  -2.7  -2.7  -2.7  -2.7  -2.7  -2.7  -2.7  -2.7  -2.7  -2.8  -2.8  -2.6  -1.1  -1.1  -1.1  -1.0  -1.0
                 +55 ms   -1.0  -1.0  -1.0  -1.0  -1.0  -1.0
             12   31.10    4.0     -4.12   -3.09   -0.0      0.0       0.0     0.3  317.7  432.0  916.0    -3.09  -3.09
                 GR trace -25..+60 ms:
                 -25 ms   -0.0  -0.0  -0.0  -0.0  -0.0  -0.0  -0.0  -0.0  -0.0  -0.0  -0.0  -0.0  -0.0  -0.0  -0.0  -0.0  -0.0  -0.0  -0.0  -0.0
                  -5 ms   -0.0  -0.0  -0.0  -0.0  -0.0  -1.9  -2.3  -2.3  -2.3  -2.3  -2.3  -2.3  -2.4  -2.4  -2.4  -2.4  -2.4  -2.4  -2.4  -2.4
                 +15 ms   -2.4  -2.5  -2.5  -2.5  -2.5  -2.5  -2.5  -2.5  -2.5  -2.5  -2.6  -2.6  -2.6  -2.6  -2.6  -2.6  -2.6  -2.6  -2.6  -2.6
                 +35 ms   -2.7  -2.7  -2.7  -2.7  -2.7  -2.7  -2.7  -2.7  -2.7  -2.7  -2.7  -2.7  -2.8  -2.8  -2.8  -2.8  -2.8  -2.8  -2.8  -2.8
                 +55 ms   -2.8  -2.8  -2.8  -2.8  -2.9  -2.9
             13   33.60    4.0     -4.12   -3.09   -0.0      0.0       0.0     0.3 1350.3 1464.3 1944.3    -3.09  -3.09
                 GR trace -25..+60 ms:
                 -25 ms   -0.0  -0.0  -0.0  -0.0  -0.0  -0.0  -0.0  -0.0  -0.0  -0.0  -0.0  -0.0  -0.0  -0.0  -0.0  -0.0  -0.0  -0.0  -0.0  -0.0
                  -5 ms   -0.0  -0.0  -0.0  -0.0  -0.0  -1.9  -2.3  -2.3  -2.3  -2.3  -2.3  -2.3  -2.4  -2.4  -2.4  -2.4  -2.4  -2.4  -2.4  -2.4
                 +15 ms   -2.4  -2.5  -2.5  -2.5  -2.5  -2.5  -2.5  -2.5  -2.5  -2.5  -2.6  -2.6  -2.6  -2.6  -2.6  -2.6  -2.6  -2.6  -2.6  -2.6
                 +35 ms   -2.7  -2.7  -2.7  -2.7  -2.7  -2.7  -2.7  -2.7  -2.7  -2.7  -2.7  -2.7  -2.8  -2.8  -2.8  -2.8  -2.8  -2.8  -2.8  -2.8
                 +55 ms   -2.8  -2.8  -2.8  -2.8  -2.9  -2.9
ROW case=probe_transients tag=proL2 aligned=1 offset=0 outI=-4.89 inI=-1.95 tp=-0.00 overs=0 edgeOvers=0 meterTp=-0.00 meterOvers=0 grMean=-0.75 grStd=1.72 crestOut=4.1 hits=14 retMed=-6.19 t63med=8.0 t90med=33.0 lrStd=0.00

==== limiter_ab_guard analyse: GREEN (0 problem(s)) ====
limiter_ab_guard analyse docs/limiter_ab/renders/styles/modern  gain +8.2 dB  ceiling +0.0 dB

#### case tone_50: source docs/limiter_ab/renders/styles/modern/source_tone_50.wav (float32, 48000 Hz, 2 ch, 25.20 s)

== case tone_50            tag proL2       48000 Hz  1209600 frames  offset +0 samples (0.00 ms)  corr 1.000 1.000
  gain +8.2 dB  ceiling +0.0 dB
  loudness   in+gain  I 0.20 LUFS  Mmax 3.5  Smax 3.5   |  out  I -5.06 LUFS  Mmax -4.7  Smax -4.7   |  S std 2.82 -> 0.42 LU
  peaks      sample -0.01 dBFS  TRUE PEAK (arbiter, exact) -0.01 dBTP  overs above ceiling+0.02 dB: 0  [96-tap meter: -0.01 dBTP, 0 overs at +0.05]
  dynamics   GR mean -4.02 dB  max -8.21  std 3.23  p2p 8.21  |  crest in 3.4 -> out 3.4 dB  |  L-R GR std 0.00 dB
  tone       seg  file dB   out RMS   GR steady   fund    THD     THD+N   h2     h3     h4     h5   | imd 1k   2k   18k   21k
              0    -8.2      -3.0     -0.02       3.0   -97.2   -88.9 -118.0  -99.1 -126.0 -104.2  |    n/a    n/a    n/a    n/a
              1    -5.2      -3.0     -3.00       3.0   -58.8   -58.8 -118.0  -61.9 -126.0  -63.8  |    n/a    n/a    n/a    n/a
              2    -2.2      -3.0     -6.00       3.0   -58.8   -58.7 -118.0  -61.9 -126.0  -63.8  |    n/a    n/a    n/a    n/a
              3    +0.0      -3.0     -8.20       3.0   -58.8   -58.7 -118.0  -61.8 -126.0  -63.9  |    n/a    n/a    n/a    n/a
              4    -2.2      -4.0     -6.98       2.0   -88.1   -85.8 -117.8  -88.2 -125.7 -107.6  |    n/a    n/a    n/a    n/a
              5    -8.2      -3.0     -0.04       3.0  -101.5   -89.4 -118.0 -103.5 -126.0 -108.6  |    n/a    n/a    n/a    n/a
  steps      t(s)   GR from -> to     t10    t50    t90 (ms)
               4.6    -0.02 ->  -3.00     -4.0    0.0    4.0
               8.6    -3.00 ->  -6.00     -4.0    0.0    4.0
              12.6    -6.00 ->  -8.20     -4.0    0.0    4.0
              16.6    -8.20 ->  -6.63    166.0 1295.0 2581.0
              20.6    -6.40 ->  -0.02     40.0  261.0  856.0
ROW case=tone_50 tag=proL2 aligned=1 offset=0 outI=-5.06 inI=0.20 tp=-0.01 overs=0 edgeOvers=0 meterTp=-0.01 meterOvers=0 grMean=-4.02 grStd=3.23 crestOut=3.4 hits=0 retMed=  n/a t63med=  n/a t90med=  n/a lrStd=0.00 thdMax=-58.8 thdnMax=-58.7

==== limiter_ab_guard analyse: GREEN (0 problem(s)) ====
limiter_ab_guard analyse docs/limiter_ab/renders/styles/modern  gain +8.2 dB  ceiling +0.0 dB

#### case tone_997: source docs/limiter_ab/renders/styles/modern/source_tone_997.wav (float32, 48000 Hz, 2 ch, 25.20 s)

== case tone_997           tag proL2       48000 Hz  1209600 frames  offset +0 samples (0.00 ms)  corr 1.000 1.000
  gain +8.2 dB  ceiling +0.0 dB
  loudness   in+gain  I 4.84 LUFS  Mmax 8.2  Smax 8.2   |  out  I -0.69 LUFS  Mmax -0.1  Smax -0.1   |  S std 2.82 -> 1.04 LU
  peaks      sample -0.01 dBFS  TRUE PEAK (arbiter, exact) 0.00 dBTP  overs above ceiling+0.02 dB: 0  [96-tap meter: -0.01 dBTP, 0 overs at +0.05]
  dynamics   GR mean -4.47 dB  max -8.22  std 3.15  p2p 8.22  |  crest in 3.4 -> out 3.4 dB  |  L-R GR std 0.00 dB
  tone       seg  file dB   out RMS   GR steady   fund    THD     THD+N   h2     h3     h4     h5   | imd 1k   2k   18k   21k
              0    -8.2      -3.0     -0.03       3.0  -130.0   -90.5 -146.2 -131.9 -156.9 -137.1  |    n/a    n/a    n/a    n/a
              1    -5.2      -3.0     -3.02       3.0  -119.2   -90.4 -146.2 -120.3 -156.9 -127.7  |    n/a    n/a    n/a    n/a
              2    -2.2      -3.0     -6.01       3.0  -115.1   -90.4 -146.2 -116.1 -156.9 -124.6  |    n/a    n/a    n/a    n/a
              3    +0.0      -3.0     -8.21       3.0  -113.7   -90.4 -146.2 -114.6 -156.9 -123.5  |    n/a    n/a    n/a    n/a
              4    -2.2      -4.9     -7.90       1.1  -127.0   -90.5 -146.3 -127.1 -157.1 -150.2  |    n/a    n/a    n/a    n/a
              5    -8.2      -4.7     -1.70       1.4  -144.5   -90.6 -147.0 -150.3 -158.7 -156.1  |    n/a    n/a    n/a    n/a
  steps      t(s)   GR from -> to     t10    t50    t90 (ms)
               4.6    -0.03 ->  -3.02     -1.0    0.0    0.0
               8.6    -3.02 ->  -6.01     -1.0    0.0    0.0
              12.6    -6.01 ->  -8.21     -1.0    0.0    0.0
              16.6    -8.21 ->  -7.79      n/a    n/a    n/a
              20.6    -7.72 ->  -1.02    140.0  812.0 2134.0
ROW case=tone_997 tag=proL2 aligned=1 offset=0 outI=-0.69 inI=4.84 tp=0.00 overs=0 edgeOvers=0 meterTp=-0.01 meterOvers=0 grMean=-4.47 grStd=3.15 crestOut=3.4 hits=0 retMed=  n/a t63med=  n/a t90med=  n/a lrStd=0.00 thdMax=-113.7 thdnMax=-90.4

==== limiter_ab_guard analyse: GREEN (0 problem(s)) ====
