limiter_ab_guard analyse docs/limiter_ab/renders  gain +8.5 dB  ceiling +0.0 dB

#### case bass_sustain: source docs/limiter_ab/renders/source_bass_sustain.wav (pcm24, 48000 Hz, 2 ch, 58.18 s)

== case bass_sustain       tag echojay     48000 Hz  2792339 frames  offset -388 samples (-8.08 ms)  corr 0.992 0.991 0.996 0.992 0.991 0.000 0.995 0.995
  gain +8.5 dB  ceiling +0.0 dB
  loudness   in+gain  I -5.73 LUFS  Mmax -2.1  Smax -4.6   |  out  I -7.68 LUFS  Mmax -4.7  Smax -6.6   |  S std 2.24 -> 2.13 LU
  peaks      sample -0.20 dBFS  TRUE PEAK -0.20 dBTP  overs above ceiling+0.05 dB: 0
  dynamics   GR mean -1.45 dB  max -4.16  std 1.00  p2p 4.07  |  crest in 5.8 -> out 4.8 dB  |  L-R GR std 0.00 dB
  hits       20 detected
              #    t(s)   over   retained   GRmin   base   pre(ms)   hold(ms)    t10    t50    t63    t90 (ms)   dipL   dipR
              0    0.07    4.2     -4.35   -4.35    0.0      1.3       9.0     7.0  121.3  250.0  514.7    -4.35  -4.35
                 GR trace -25..+60 ms:
                 -25 ms    n/a   n/a   n/a   n/a  -0.1  -0.1  -0.1  -0.1  -0.1   n/a   n/a   n/a   n/a   n/a   n/a   n/a   n/a  -0.1  -0.1  -0.1
                  -5 ms   -0.1  -0.1  -0.1  -0.6  -3.4  -3.5  -3.9  -4.1  -4.1  -4.1  -4.4  -4.4  -4.4  -4.3  -4.3  -4.3  -4.3  -4.3  -4.2  -4.2
                 +15 ms   -4.1  -4.1  -4.1  -4.0  -4.0  -4.0  -3.9  -3.8  -3.8  -3.8  -3.8  -3.7  -3.7  -3.7  -3.6  -3.5  -3.4  -3.4  -3.4  -3.3
                 +35 ms   -3.3  -3.3  -3.3  -3.2  -3.2  -3.1  -3.1  -3.0  -3.0  -3.0  -3.0  -3.0  -3.0  -3.0  -2.9  -2.8  -2.8  -2.7  -2.7  -2.7
                 +55 ms   -2.7  -2.7  -2.7  -2.7  -2.6  -2.5
              1    1.43    4.1     -4.32   -4.32   -0.1      0.0      13.3     3.7  181.7  317.3  661.3    -4.32  -4.32
                 GR trace -25..+60 ms:
                 -25 ms    n/a   n/a   n/a   n/a   n/a   n/a  -0.1  -0.1  -0.1  -0.1  -0.1  -0.1  -0.1  -0.1  -0.1  -0.1   n/a   n/a  -0.1  -0.1
                  -5 ms   -0.1  -0.1  -0.1  -0.1  -0.1  -0.1  -3.1  -3.5  -3.5  -3.9  -4.3  -4.3  -4.3  -4.3  -4.3  -4.3  -4.3  -4.3  -4.2  -4.2
                 +15 ms   -4.2  -4.2  -4.2  -4.1  -4.1  -4.0  -3.9  -3.9  -3.9  -3.8  -3.8  -3.8  -3.7  -3.7  -3.6  -3.5  -3.5  -3.5  -3.5  -3.5
                 +35 ms   -3.4  -3.4  -3.4  -3.4  -3.3  -3.2  -3.1  -3.1  -3.1  -3.0  -3.0  -3.0  -3.0  -3.0  -3.0  -3.0  -2.9  -2.8  -2.8  -2.7
                 +55 ms   -2.7  -2.7  -2.7  -2.7  -2.8  -2.8
              2    3.70    4.1     -4.32   -4.32    0.0      0.0      13.3     3.7  206.7  343.3  683.0    -4.32  -4.32
                 GR trace -25..+60 ms:
                 -25 ms    n/a   n/a   n/a   n/a   n/a   n/a  -0.1  -0.1  -0.1  -0.1  -0.1  -0.1  -0.1  -0.1  -0.1  -0.1   n/a   n/a  -0.1  -0.1
                  -5 ms   -0.1  -0.1  -0.1  -0.1  -0.1  -0.2  -3.4  -3.5  -3.6  -4.1  -4.3  -4.3  -4.3  -4.3  -4.3  -4.3  -4.3  -4.3  -4.2  -4.2
                 +15 ms   -4.2  -4.2  -4.1  -4.1  -4.0  -4.0  -3.9  -3.9  -3.9  -3.8  -3.8  -3.8  -3.7  -3.7  -3.6  -3.5  -3.5  -3.5  -3.5  -3.4
                 +35 ms   -3.4  -3.4  -3.4  -3.4  -3.3  -3.2  -3.1  -3.1  -3.0  -3.0  -3.0  -3.0  -3.0  -3.0  -3.0  -2.9  -2.9  -2.8  -2.8  -2.7
                 +55 ms   -2.7  -2.7  -2.7  -2.7  -2.8  -2.8
              3    5.30    3.6     -3.84   -3.84   -0.1      2.0      14.0     2.7  248.3  391.7 2547.7    -3.84  -3.84
                 GR trace -25..+60 ms:
                 -25 ms   -0.1  -0.1  -0.1  -0.1  -0.1  -0.1  -0.1  -0.1  -0.1  -0.1  -0.1  -0.1  -0.1  -0.1  -0.1  -0.1  -0.1  -0.1  -0.1  -0.1
                  -5 ms   -0.1  -0.1  -0.1  -2.5  -3.0  -3.0  -3.3  -3.8  -3.8  -3.8  -3.8  -3.8  -3.8  -3.8  -3.8  -3.8  -3.7  -3.7  -3.7  -3.7
                 +15 ms   -3.7  -3.6  -3.6  -3.5  -3.4  -3.4  -3.4  -3.4  -3.4  -3.3  -3.3  -3.3  -3.2  -3.1  -3.1  -3.1  -3.1  -3.1  -3.0  -3.0
                 +35 ms   -3.0  -3.0  -3.0  -2.9  -2.8  -2.8  -2.7  -2.7  -2.7  -2.7  -2.7  -2.7  -2.7  -2.7  -2.7  -2.6  -2.6  -2.5  -2.5  -2.4
                 +55 ms   -2.4  -2.5  -2.5  -2.6  -2.7  -2.8
              4    8.70    4.1     -4.32   -4.32   -0.1      0.0      13.3     3.3  181.3  317.0  661.0    -4.32  -4.32
                 GR trace -25..+60 ms:
                 -25 ms    n/a   n/a   n/a   n/a   n/a   n/a  -0.1  -0.1  -0.1  -0.1  -0.1  -0.1  -0.1  -0.1  -0.1  -0.1   n/a   n/a  -0.1  -0.1
                  -5 ms   -0.1  -0.1  -0.1  -0.1  -0.1  -0.2  -3.4  -3.5  -3.6  -4.1  -4.3  -4.3  -4.3  -4.3  -4.3  -4.3  -4.3  -4.3  -4.2  -4.2
                 +15 ms   -4.2  -4.2  -4.1  -4.1  -4.0  -4.0  -3.9  -3.9  -3.9  -3.8  -3.8  -3.8  -3.7  -3.7  -3.6  -3.5  -3.5  -3.5  -3.5  -3.4
                 +35 ms   -3.4  -3.4  -3.4  -3.4  -3.3  -3.2  -3.1  -3.1  -3.0  -3.0  -3.0  -3.0  -3.0  -3.0  -3.0  -2.9  -2.9  -2.8  -2.8  -2.7
                 +55 ms   -2.7  -2.7  -2.7  -2.7  -2.8  -2.8
              5   10.98    4.1     -4.32   -4.32    0.0      0.0      13.3     3.7  207.0  343.3  683.0    -4.32  -4.32
                 GR trace -25..+60 ms:
                 -25 ms    n/a   n/a   n/a   n/a   n/a   n/a   n/a  -0.1  -0.1  -0.1  -0.1  -0.1  -0.1  -0.1  -0.1  -0.1  -0.1   n/a  -0.1  -0.1
                  -5 ms   -0.1  -0.1  -0.1  -0.1  -0.1  -0.1  -1.0  -3.5  -3.5  -3.7  -4.3  -4.3  -4.3  -4.3  -4.3  -4.3  -4.3  -4.3  -4.3  -4.2
                 +15 ms   -4.2  -4.2  -4.2  -4.1  -4.1  -4.0  -3.9  -3.9  -3.9  -3.8  -3.8  -3.8  -3.8  -3.7  -3.7  -3.5  -3.5  -3.5  -3.5  -3.5
                 +35 ms   -3.4  -3.4  -3.4  -3.4  -3.3  -3.3  -3.2  -3.1  -3.1  -3.0  -3.0  -3.0  -3.0  -3.0  -3.0  -3.0  -2.9  -2.9  -2.8  -2.7
                 +55 ms   -2.7  -2.7  -2.7  -2.7  -2.7  -2.8
              6   15.52   -3.4     -0.09   -0.09    0.0      n/a       n/a     n/a    n/a    n/a    n/a    -0.09  -0.09
                 GR trace -25..+60 ms:
                 -25 ms    n/a  -0.1  -0.1  -0.1  -0.1  -0.1  -0.1  -0.1  -0.1  -0.1  -0.1  -0.1  -0.1  -0.1  -0.1  -0.1  -0.1  -0.1  -0.1  -0.1
                  -5 ms   -0.1  -0.1  -0.1  -0.1  -0.1  -0.1  -0.1  -0.1  -0.1  -0.1  -0.1  -0.1  -0.1  -0.1  -0.1  -0.1  -0.1  -0.1  -0.1  -0.1
                 +15 ms   -0.1  -0.1  -0.1  -0.1  -0.1  -0.1  -0.1  -0.1  -0.1  -0.1  -0.1  -0.1  -0.1  -0.1  -0.1  -0.1  -0.1  -0.1  -0.1  -0.1
                 +35 ms   -0.1  -0.1  -0.1  -0.1  -0.1  -0.1  -0.1  -0.1  -0.1  -0.1  -0.1  -0.1  -0.1  -0.1  -0.1  -0.1  -0.1  -0.1  -0.1  -0.1
                 +55 ms   -0.1  -0.1  -0.1  -0.1  -0.1  -0.1
              7   15.98    4.1     -4.32   -4.32   -0.1      0.0      13.3     3.3  181.3  317.0  569.3    -4.32  -4.32
                 GR trace -25..+60 ms:
                 -25 ms    n/a   n/a   n/a   n/a   n/a   n/a   n/a  -0.1  -0.1  -0.1  -0.1  -0.1  -0.1  -0.1  -0.1  -0.1  -0.1   n/a  -0.1  -0.1
                  -5 ms   -0.1  -0.1  -0.1  -0.1  -0.1  -0.1  -1.0  -3.5  -3.5  -3.7  -4.3  -4.3  -4.3  -4.3  -4.3  -4.3  -4.3  -4.3  -4.3  -4.2
                 +15 ms   -4.2  -4.2  -4.2  -4.1  -4.1  -4.0  -3.9  -3.9  -3.9  -3.8  -3.8  -3.8  -3.8  -3.7  -3.7  -3.5  -3.5  -3.5  -3.5  -3.5
                 +35 ms   -3.4  -3.4  -3.4  -3.4  -3.3  -3.3  -3.2  -3.1  -3.1  -3.0  -3.0  -3.0  -3.0  -3.0  -3.0  -3.0  -2.9  -2.9  -2.8  -2.7
                 +55 ms   -2.7  -2.7  -2.7  -2.7  -2.7  -2.8
              8   18.25    4.1     -4.32   -4.32    0.0      0.0      13.3     4.0  207.0  343.3  683.0    -4.32  -4.32
                 GR trace -25..+60 ms:
                 -25 ms    n/a   n/a   n/a   n/a   n/a   n/a  -0.1  -0.1  -0.1  -0.1  -0.1  -0.1  -0.1  -0.1  -0.1  -0.1   n/a   n/a  -0.1  -0.1
                  -5 ms   -0.1  -0.1  -0.1  -0.1  -0.1  -0.1  -2.7  -3.5  -3.5  -3.8  -4.3  -4.3  -4.3  -4.3  -4.3  -4.3  -4.3  -4.3  -4.3  -4.2
                 +15 ms   -4.2  -4.2  -4.2  -4.1  -4.1  -4.0  -3.9  -3.9  -3.9  -3.8  -3.8  -3.8  -3.8  -3.7  -3.6  -3.5  -3.5  -3.5  -3.5  -3.5
                 +35 ms   -3.4  -3.4  -3.4  -3.4  -3.3  -3.2  -3.2  -3.1  -3.1  -3.0  -3.0  -3.0  -3.0  -3.0  -3.0  -3.0  -2.9  -2.8  -2.8  -2.7
                 +55 ms   -2.7  -2.7  -2.7  -2.7  -2.8  -2.8
              9   19.84    3.6     -3.84   -3.84   -0.1      1.7      14.0     3.0  248.3  391.7 2547.7    -3.84  -3.84
                 GR trace -25..+60 ms:
                 -25 ms   -0.1  -0.1  -0.1  -0.1  -0.1  -0.1  -0.1  -0.1  -0.1  -0.1  -0.1  -0.1  -0.1  -0.1  -0.1  -0.1  -0.1  -0.1  -0.1  -0.1
                  -5 ms   -0.1  -0.1  -0.1  -1.7  -3.0  -3.0  -3.1  -3.8  -3.8  -3.8  -3.8  -3.8  -3.8  -3.8  -3.8  -3.8  -3.8  -3.7  -3.7  -3.7
                 +15 ms   -3.7  -3.6  -3.6  -3.5  -3.5  -3.4  -3.4  -3.4  -3.4  -3.3  -3.3  -3.3  -3.3  -3.2  -3.1  -3.1  -3.1  -3.1  -3.0  -3.0
                 +35 ms   -3.0  -3.0  -3.0  -3.0  -2.9  -2.8  -2.8  -2.7  -2.7  -2.7  -2.7  -2.7  -2.7  -2.7  -2.7  -2.6  -2.6  -2.5  -2.5  -2.4
                 +55 ms   -2.4  -2.4  -2.5  -2.5  -2.6  -2.7
             10   23.25    4.1     -4.32   -4.32   -0.1      0.0      13.3     3.3  181.3  317.3  661.0    -4.32  -4.32
                 GR trace -25..+60 ms:
                 -25 ms    n/a   n/a   n/a   n/a   n/a   n/a  -0.1  -0.1  -0.1  -0.1  -0.1  -0.1  -0.1  -0.1  -0.1  -0.1   n/a   n/a  -0.1  -0.1
                  -5 ms   -0.1  -0.1  -0.1  -0.1  -0.1  -0.1  -2.6  -3.5  -3.5  -3.8  -4.3  -4.3  -4.3  -4.3  -4.3  -4.3  -4.3  -4.3  -4.2  -4.2
                 +15 ms   -4.2  -4.2  -4.2  -4.1  -4.1  -4.0  -3.9  -3.9  -3.9  -3.8  -3.8  -3.8  -3.8  -3.7  -3.6  -3.5  -3.5  -3.5  -3.5  -3.5
                 +35 ms   -3.4  -3.4  -3.4  -3.4  -3.3  -3.2  -3.2  -3.1  -3.1  -3.0  -3.0  -3.0  -3.0  -3.0  -3.0  -3.0  -2.9  -2.8  -2.8  -2.7
                 +55 ms   -2.7  -2.7  -2.7  -2.7  -2.8  -2.8
             11   25.52    4.1     -4.32   -4.32    0.0      0.0      13.3     4.0  182.7  343.3  683.0    -4.32  -4.32
                 GR trace -25..+60 ms:
                 -25 ms    n/a   n/a   n/a   n/a   n/a   n/a  -0.1  -0.1  -0.1  -0.1  -0.1  -0.1  -0.1  -0.1  -0.1  -0.1   n/a   n/a  -0.1  -0.1
                  -5 ms   -0.1  -0.1  -0.1  -0.1  -0.1  -0.1  -3.2  -3.5  -3.5  -4.0  -4.3  -4.3  -4.3  -4.3  -4.3  -4.3  -4.3  -4.3  -4.2  -4.2
                 +15 ms   -4.2  -4.2  -4.2  -4.1  -4.1  -4.0  -3.9  -3.9  -3.9  -3.8  -3.8  -3.8  -3.7  -3.7  -3.6  -3.5  -3.5  -3.5  -3.5  -3.4
                 +35 ms   -3.4  -3.4  -3.4  -3.4  -3.3  -3.2  -3.1  -3.1  -3.1  -3.0  -3.0  -3.0  -3.0  -3.0  -3.0  -2.9  -2.9  -2.8  -2.8  -2.7
                 +55 ms   -2.7  -2.7  -2.7  -2.7  -2.8  -2.8
             12   30.07    4.2     -4.35   -4.35    0.0      1.3       9.0     7.0  121.3  250.0 1139.7    -4.35  -4.35
                 GR trace -25..+60 ms:
                 -25 ms    n/a   n/a   n/a   n/a  -0.1  -0.1  -0.1  -0.1  -0.1   n/a   n/a   n/a   n/a   n/a   n/a   n/a   n/a  -0.1  -0.1  -0.1
                  -5 ms   -0.1  -0.1  -0.1  -0.6  -3.4  -3.5  -3.9  -4.1  -4.1  -4.1  -4.4  -4.4  -4.4  -4.3  -4.3  -4.3  -4.3  -4.3  -4.2  -4.2
                 +15 ms   -4.1  -4.1  -4.1  -4.0  -4.0  -4.0  -3.9  -3.8  -3.8  -3.8  -3.8  -3.7  -3.7  -3.7  -3.6  -3.5  -3.4  -3.4  -3.4  -3.3
                 +35 ms   -3.3  -3.3  -3.3  -3.2  -3.2  -3.1  -3.1  -3.0  -3.0  -3.0  -3.0  -3.0  -3.0  -3.0  -2.9  -2.8  -2.8  -2.7  -2.7  -2.7
                 +55 ms   -2.7  -2.7  -2.7  -2.7  -2.6  -2.5
             13   32.80    4.1     -4.32   -4.32    0.0      0.0      13.3     4.0  182.7  343.7  683.0    -4.32  -4.32
                 GR trace -25..+60 ms:
                 -25 ms    n/a   n/a   n/a   n/a   n/a   n/a  -0.1  -0.1  -0.1  -0.1  -0.1  -0.1  -0.1  -0.1  -0.1  -0.1   n/a   n/a  -0.1  -0.1
                  -5 ms   -0.1  -0.1  -0.1  -0.1  -0.1  -0.3  -3.4  -3.5  -3.6  -4.2  -4.3  -4.3  -4.3  -4.3  -4.3  -4.3  -4.3  -4.3  -4.2  -4.2
                 +15 ms   -4.2  -4.2  -4.1  -4.1  -4.0  -4.0  -3.9  -3.9  -3.9  -3.8  -3.8  -3.8  -3.7  -3.7  -3.6  -3.5  -3.5  -3.5  -3.5  -3.4
                 +35 ms   -3.4  -3.4  -3.4  -3.4  -3.3  -3.2  -3.1  -3.1  -3.0  -3.0  -3.0  -3.0  -3.0  -3.0  -3.0  -2.9  -2.9  -2.8  -2.8  -2.7
                 +55 ms   -2.7  -2.7  -2.7  -2.7  -2.8  -2.8
             14   34.39    4.0     -4.16   -4.16   -0.1      1.0      13.7     3.3  193.3  336.3  662.7    -4.16  -4.16
                 GR trace -25..+60 ms:
                 -25 ms   -0.1  -0.1  -0.1  -0.1  -0.1  -0.1  -0.1  -0.1  -0.1  -0.1  -0.1  -0.1  -0.1  -0.1  -0.1  -0.1  -0.1  -0.1  -0.1  -0.1
                  -5 ms   -0.1  -0.1  -0.1  -0.1  -2.7  -3.3  -3.3  -3.7  -4.2  -4.2  -4.2  -4.2  -4.1  -4.1  -4.1  -4.1  -4.1  -4.1  -4.0  -4.0
                 +15 ms   -4.0  -4.0  -3.9  -3.9  -3.8  -3.7  -3.7  -3.7  -3.7  -3.6  -3.6  -3.6  -3.5  -3.5  -3.4  -3.3  -3.3  -3.3  -3.3  -3.3
                 +35 ms   -3.3  -3.3  -3.2  -3.2  -3.2  -3.0  -3.0  -2.9  -2.9  -2.9  -2.9  -2.9  -2.9  -2.8  -2.8  -2.8  -2.8  -2.7  -2.6  -2.6
                 +55 ms   -2.6  -2.6  -2.6  -2.6  -2.6  -2.7
             15   43.70    4.2     -4.35   -4.35    0.0      1.0       9.0     7.0  121.3  250.0  514.7    -4.35  -4.35
                 GR trace -25..+60 ms:
                 -25 ms    n/a   n/a   n/a   n/a  -0.1  -0.1  -0.1  -0.1  -0.1   n/a   n/a   n/a   n/a   n/a   n/a   n/a   n/a  -0.1   n/a  -0.1
                  -5 ms   -0.1  -0.1  -0.1  -0.1  -3.3  -3.4  -3.7  -4.1  -4.1  -4.1  -4.3  -4.4  -4.4  -4.4  -4.3  -4.3  -4.3  -4.3  -4.3  -4.2
                 +15 ms   -4.1  -4.1  -4.1  -4.1  -4.0  -4.0  -3.9  -3.8  -3.8  -3.8  -3.8  -3.7  -3.7  -3.7  -3.6  -3.5  -3.4  -3.4  -3.4  -3.4
                 +35 ms   -3.3  -3.3  -3.3  -3.3  -3.2  -3.1  -3.1  -3.1  -3.0  -3.0  -3.0  -3.0  -3.0  -3.0  -2.9  -2.8  -2.8  -2.7  -2.7  -2.7
                 +55 ms   -2.7  -2.7  -2.7  -2.7  -2.6  -2.6
             16   47.34    4.1     -4.32   -4.32    0.0      0.0      13.3     3.7  206.7  343.3  683.0    -4.32  -4.32
                 GR trace -25..+60 ms:
                 -25 ms    n/a   n/a   n/a   n/a   n/a   n/a  -0.1  -0.1  -0.1  -0.1  -0.1  -0.1  -0.1  -0.1  -0.1  -0.1   n/a   n/a  -0.1  -0.1
                  -5 ms   -0.1  -0.1  -0.1  -0.1  -0.1  -0.1  -3.0  -3.5  -3.5  -3.8  -4.3  -4.3  -4.3  -4.3  -4.3  -4.3  -4.3  -4.3  -4.2  -4.2
                 +15 ms   -4.2  -4.2  -4.2  -4.1  -4.1  -4.0  -3.9  -3.9  -3.9  -3.8  -3.8  -3.8  -3.8  -3.7  -3.6  -3.5  -3.5  -3.5  -3.5  -3.5
                 +35 ms   -3.4  -3.4  -3.4  -3.4  -3.3  -3.2  -3.2  -3.1  -3.1  -3.0  -3.0  -3.0  -3.0  -3.0  -3.0  -3.0  -2.9  -2.8  -2.8  -2.7
                 +55 ms   -2.7  -2.7  -2.7  -2.7  -2.8  -2.8
             17   48.93    3.6     -3.84   -3.84   -0.1      1.7      14.0     2.7  248.3  391.7 2547.7    -3.84  -3.84
                 GR trace -25..+60 ms:
                 -25 ms   -0.1  -0.1  -0.1  -0.1  -0.1  -0.1  -0.1  -0.1  -0.1  -0.1  -0.1  -0.1  -0.1  -0.1  -0.1  -0.1  -0.1  -0.1  -0.1  -0.1
                  -5 ms   -0.1  -0.1  -0.1  -2.0  -3.0  -3.0  -3.1  -3.8  -3.8  -3.8  -3.8  -3.8  -3.8  -3.8  -3.8  -3.8  -3.8  -3.7  -3.7  -3.7
                 +15 ms   -3.7  -3.6  -3.6  -3.5  -3.4  -3.4  -3.4  -3.4  -3.4  -3.3  -3.3  -3.3  -3.2  -3.2  -3.1  -3.1  -3.1  -3.1  -3.0  -3.0
                 +35 ms   -3.0  -3.0  -3.0  -3.0  -2.9  -2.8  -2.8  -2.7  -2.7  -2.7  -2.7  -2.7  -2.7  -2.7  -2.7  -2.6  -2.6  -2.5  -2.5  -2.4
                 +55 ms   -2.4  -2.4  -2.5  -2.5  -2.6  -2.7
             18   52.34    4.1     -4.32   -4.32   -0.1      0.0      13.3     3.3  181.3  317.0  661.0    -4.32  -4.32
                 GR trace -25..+60 ms:
                 -25 ms    n/a   n/a   n/a   n/a   n/a   n/a  -0.1  -0.1  -0.1  -0.1  -0.1  -0.1  -0.1  -0.1  -0.1  -0.1   n/a   n/a  -0.1  -0.1
                  -5 ms   -0.1  -0.1  -0.1  -0.1  -0.1  -0.1  -2.9  -3.5  -3.5  -3.8  -4.3  -4.3  -4.3  -4.3  -4.3  -4.3  -4.3  -4.3  -4.2  -4.2
                 +15 ms   -4.2  -4.2  -4.2  -4.1  -4.1  -4.0  -3.9  -3.9  -3.9  -3.8  -3.8  -3.8  -3.8  -3.7  -3.6  -3.5  -3.5  -3.5  -3.5  -3.5
                 +35 ms   -3.4  -3.4  -3.4  -3.4  -3.3  -3.2  -3.2  -3.1  -3.1  -3.0  -3.0  -3.0  -3.0  -3.0  -3.0  -3.0  -2.9  -2.8  -2.8  -2.7
                 +55 ms   -2.7  -2.7  -2.7  -2.7  -2.8  -2.8
             19   54.61    4.1     -4.32   -4.32    0.0      0.0      13.3     4.0  207.0  343.3  683.0    -4.32  -4.32
                 GR trace -25..+60 ms:
                 -25 ms    n/a   n/a   n/a   n/a   n/a   n/a  -0.1  -0.1  -0.1  -0.1  -0.1  -0.1  -0.1  -0.1  -0.1  -0.1   n/a   n/a  -0.1  -0.1
                  -5 ms   -0.1  -0.1  -0.1  -0.1  -0.1  -0.1  -3.3  -3.5  -3.5  -4.0  -4.3  -4.3  -4.3  -4.3  -4.3  -4.3  -4.3  -4.3  -4.2  -4.2
                 +15 ms   -4.2  -4.2  -4.2  -4.1  -4.0  -4.0  -3.9  -3.9  -3.9  -3.8  -3.8  -3.8  -3.7  -3.7  -3.6  -3.5  -3.5  -3.5  -3.5  -3.4
                 +35 ms   -3.4  -3.4  -3.4  -3.4  -3.3  -3.2  -3.1  -3.1  -3.1  -3.0  -3.0  -3.0  -3.0  -3.0  -3.0  -2.9  -2.9  -2.8  -2.8  -2.7
                 +55 ms   -2.7  -2.7  -2.7  -2.7  -2.8  -2.8
ROW case=bass_sustain tag=echojay aligned=1 offset=-388 outI=-7.68 inI=-5.73 tp=-0.20 overs=0 grMean=-1.45 grStd=1.00 crestOut=4.8 hits=20 retMed=-4.32 t63med=343.3 t90med=683.0 lrStd=0.00

== case bass_sustain       tag proL2       48000 Hz  2792492 frames  offset +235 samples (4.90 ms)  corr 0.996 0.995 0.997 0.996 0.995 0.000 0.997 0.995
  gain +8.5 dB  ceiling +0.0 dB
  loudness   in+gain  I -5.74 LUFS  Mmax -2.0  Smax -4.6   |  out  I -7.09 LUFS  Mmax -3.9  Smax -6.0   |  S std 2.23 -> 2.16 LU
  peaks      sample -0.04 dBFS  TRUE PEAK 0.27 dBTP  overs above ceiling+0.05 dB: 2  (worst at 58.18 s)
  dynamics   GR mean -1.01 dB  max -3.01  std 0.70  p2p 3.00  |  crest in 5.8 -> out 4.5 dB  |  L-R GR std 0.00 dB
  hits       20 detected
              #    t(s)   over   retained   GRmin   base   pre(ms)   hold(ms)    t10    t50    t63    t90 (ms)   dipL   dipR
              0    0.08    4.2     -4.19   -4.19    0.0      0.0       0.3     0.7    1.0    1.3    1.7    -4.19  -4.19
                 GR trace -25..+60 ms:
                 -25 ms    n/a   n/a   n/a   n/a  -0.0  -0.0  -0.0  -0.0  -0.0   n/a   n/a   n/a   n/a   n/a   n/a   n/a   n/a  -0.0   n/a  -0.0
                  -5 ms   -0.0  -0.0  -0.0  -0.0  -0.0  -2.2  -2.7  -2.7  -3.8  -3.4  -3.1  -3.8  -4.1  -2.2  -2.7  -3.1  -3.3  -3.0  -1.3  -0.6
                 +15 ms   -0.6  -2.2  -2.6  -2.5  -2.3  -1.2  -0.7  -0.7  -0.7  -2.4  -2.4  -2.4  -2.4  -1.3  -0.9  -0.9  -0.8  -0.8  -1.3  -1.9
                 +35 ms   -2.0  -2.2  -1.7  -0.9  -0.9  -0.9  -0.9  -1.1  -1.2  -2.1  -2.2  -2.4  -1.9  -1.0  -1.0  -1.0  -1.0  -1.0  -1.0  -1.8
                 +55 ms   -1.9  -2.2  -1.9  -1.1  -1.1  -1.1
              1    1.44    4.1     -4.16   -4.15   -0.0      0.0       0.7     0.3    1.0    1.0    1.3    -4.15  -4.15
                 GR trace -25..+60 ms:
                 -25 ms    n/a   n/a   n/a   n/a   n/a   n/a  -0.0  -0.0  -0.0  -0.0  -0.0  -0.0  -0.0  -0.0  -0.0  -0.0   n/a   n/a  -0.0  -0.0
                  -5 ms   -0.0  -0.0  -0.0  -0.0  -0.0  -0.0  -0.0  -0.0  -2.8  -2.5  -2.1  -3.9  -3.9  -2.1  -3.0  -3.3  -3.6  -2.8  -0.7  -2.7
                 +15 ms   -3.0  -3.0  -2.5  -1.9  -0.7  -0.7  -0.7  -0.7  -2.5  -2.4  -2.3  -2.2  -1.9  -0.8  -0.8  -0.8  -0.8  -1.4  -2.5  -2.4
                 +35 ms   -2.5  -2.5  -2.4  -1.1  -1.0  -1.0  -1.0  -1.0  -0.9  -1.2  -2.1  -2.1  -2.2  -2.3  -2.0  -1.1  -1.1  -1.1  -1.1  -1.0
                 +55 ms   -1.1  -1.1  -1.7  -2.3  -2.4  -2.5
              2    3.71    4.1     -4.16   -4.15    0.0      0.0       0.7     0.3    1.0    1.0    1.3    -4.15  -4.15
                 GR trace -25..+60 ms:
                 -25 ms    n/a   n/a   n/a   n/a   n/a   n/a  -0.0  -0.0  -0.0  -0.0  -0.0  -0.0  -0.0  -0.0  -0.0  -0.0   n/a   n/a  -0.0  -0.0
                  -5 ms   -0.0  -0.0  -0.0  -0.0  -0.0  -0.0  -0.0  -1.0  -3.2  -1.8  -2.7  -4.1  -3.6  -1.6  -3.1  -3.5  -3.5  -2.1  -0.5  -2.9
                 +15 ms   -3.0  -2.9  -2.3  -1.6  -0.7  -0.7  -0.7  -1.3  -2.6  -2.4  -2.2  -2.2  -1.6  -0.8  -0.8  -0.8  -0.8  -1.9  -2.4  -2.5
                 +35 ms   -2.5  -2.6  -2.1  -1.0  -1.0  -1.0  -1.0  -0.9  -0.9  -1.5  -2.1  -2.2  -2.2  -2.3  -1.7  -1.1  -1.1  -1.1  -1.1  -1.0
                 +55 ms   -1.1  -1.0  -2.0  -2.3  -2.4  -2.5
              3    5.31    3.6     -3.67   -3.67   -0.0      0.0       0.7     0.3    1.0    1.3    1.3    -3.67  -3.67
                 GR trace -25..+60 ms:
                 -25 ms   -0.0  -0.0  -0.0  -0.0  -0.0  -0.0  -0.0  -0.0  -0.0  -0.0  -0.0  -0.0  -0.0  -0.0  -0.0  -0.0  -0.0  -0.0  -0.0  -0.0
                  -5 ms   -0.0  -0.0  -0.0  -0.0  -0.0  -2.4  -1.9  -1.5  -3.3  -3.5  -1.9  -2.6  -2.7  -3.1  -2.8  -1.2  -0.5  -2.7  -2.7  -2.5
                 +15 ms   -2.0  -1.4  -0.6  -0.6  -0.6  -0.6  -2.2  -2.2  -2.1  -2.0  -2.1  -1.0  -0.7  -0.7  -0.7  -0.7  -1.8  -2.3  -2.4  -2.4
                 +35 ms   -2.5  -2.3  -1.0  -0.9  -0.9  -0.9  -0.9  -0.9  -0.9  -1.8  -2.0  -2.1  -2.2  -2.3  -1.6  -1.0  -1.0  -1.0  -1.0  -1.0
                 +55 ms   -1.0  -1.0  -1.5  -2.2  -2.3  -2.4
              4    8.71    4.1     -4.16   -4.15   -0.0      0.0       0.7     0.3    1.0    1.0    1.3    -4.15  -4.15
                 GR trace -25..+60 ms:
                 -25 ms    n/a   n/a   n/a   n/a   n/a   n/a  -0.0  -0.0  -0.0  -0.0  -0.0  -0.0  -0.0  -0.0  -0.0  -0.0   n/a   n/a  -0.0  -0.0
                  -5 ms   -0.0  -0.0  -0.0  -0.0  -0.0  -0.0  -0.0  -1.0  -3.2  -1.8  -2.7  -4.1  -3.6  -1.6  -3.1  -3.5  -3.5  -2.1  -0.5  -2.9
                 +15 ms   -3.0  -2.9  -2.3  -1.6  -0.7  -0.7  -0.7  -1.3  -2.6  -2.4  -2.2  -2.2  -1.6  -0.8  -0.8  -0.8  -0.8  -1.9  -2.4  -2.5
                 +35 ms   -2.5  -2.6  -2.1  -1.0  -1.0  -1.0  -1.0  -1.0  -0.9  -1.5  -2.1  -2.2  -2.2  -2.3  -1.7  -1.1  -1.1  -1.1  -1.1  -1.0
                 +55 ms   -1.1  -1.0  -2.0  -2.3  -2.4  -2.5
              5   10.98    4.1     -4.16   -4.16    0.0      0.0       0.3     0.3    1.0    1.3    1.3    -4.16  -4.16
                 GR trace -25..+60 ms:
                 -25 ms    n/a   n/a   n/a   n/a   n/a   n/a   n/a  -0.0  -0.0  -0.0  -0.0  -0.0  -0.0  -0.0  -0.0  -0.0  -0.0   n/a   n/a  -0.0
                  -5 ms   -0.0  -0.0  -0.0  -0.0  -0.0  -0.0  -0.0  -0.0  -2.0  -3.2  -0.9  -3.3  -4.1  -3.0  -2.6  -3.1  -3.6  -3.4  -1.5  -1.2
                 +15 ms   -3.0  -3.0  -2.7  -2.2  -1.2  -0.7  -0.7  -0.7  -1.9  -2.5  -2.3  -2.2  -2.2  -1.2  -0.8  -0.8  -0.8  -0.8  -2.3  -2.4
                 +35 ms   -2.5  -2.5  -2.6  -1.6  -1.0  -1.0  -1.0  -1.0  -0.9  -0.9  -1.8  -2.1  -2.2  -2.2  -2.3  -1.4  -1.1  -1.1  -1.1  -1.0
                 +55 ms   -1.1  -1.1  -1.1  -2.2  -2.3  -2.4
              6   15.53   -3.4     -0.05   -0.06    0.0      n/a       n/a     n/a    n/a    n/a    n/a    -0.06  -0.06
                 GR trace -25..+60 ms:
                 -25 ms   -0.1  -0.1  -0.1  -0.1  -0.1  -0.1  -0.1  -0.1  -0.1  -0.1  -0.1  -0.1  -0.1  -0.1  -0.1  -0.1  -0.1  -0.1  -0.1  -0.1
                  -5 ms   -0.1  -0.1  -0.1  -0.1  -0.1  -0.1  -0.1  -0.1  -0.1  -0.1  -0.1  -0.1  -0.1  -0.1  -0.1  -0.1  -0.1  -0.1  -0.1  -0.1
                 +15 ms   -0.1  -0.1  -0.1  -0.1  -0.1  -0.1  -0.1  -0.0  -0.0  -0.0  -0.0  -0.0  -0.0  -0.0  -0.0  -0.0  -0.0  -0.0  -0.0  -0.0
                 +35 ms   -0.0  -0.0  -0.0  -0.0  -0.0  -0.0  -0.0  -0.0  -0.0  -0.0  -0.0  -0.0  -0.0  -0.0  -0.0  -0.0  -0.0  -0.0  -0.0  -0.0
                 +55 ms   -0.0  -0.0  -0.0  -0.0  -0.0  -0.0
              7   15.98    4.1     -4.16   -4.16   -0.0      0.0       0.3     0.3    1.0    1.3    1.3    -4.16  -4.16
                 GR trace -25..+60 ms:
                 -25 ms    n/a   n/a   n/a   n/a   n/a   n/a  -0.0  -0.0  -0.0  -0.0  -0.0  -0.0  -0.0  -0.0  -0.0  -0.0   n/a   n/a  -0.0  -0.0
                  -5 ms   -0.0  -0.0  -0.0  -0.0  -0.0  -0.0  -0.0  -2.0  -3.2  -0.9  -3.3  -4.1  -3.0  -2.6  -3.1  -3.6  -3.4  -1.5  -1.2  -3.0
                 +15 ms   -3.0  -2.7  -2.2  -1.2  -0.7  -0.7  -0.7  -1.9  -2.5  -2.3  -2.2  -2.2  -1.2  -0.8  -0.8  -0.8  -0.8  -2.3  -2.4  -2.5
                 +35 ms   -2.5  -2.6  -1.6  -1.0  -1.0  -1.0  -1.0  -1.0  -0.9  -1.8  -2.1  -2.2  -2.2  -2.3  -1.4  -1.1  -1.1  -1.1  -1.1  -1.1
                 +55 ms   -1.1  -1.1  -2.2  -2.3  -2.4  -2.6
              8   18.26    4.1     -4.16   -4.15    0.0      0.0       0.3     0.7    1.3    1.3  656.0    -4.15  -4.15
                 GR trace -25..+60 ms:
                 -25 ms    n/a   n/a   n/a   n/a   n/a   n/a  -0.0  -0.0  -0.0  -0.0  -0.0  -0.0  -0.0  -0.0  -0.0  -0.0   n/a   n/a  -0.0  -0.0
                  -5 ms   -0.0  -0.0  -0.0  -0.0  -0.0  -0.0  -0.0  -0.0  -2.6  -2.7  -1.7  -3.7  -4.0  -2.5  -3.0  -3.2  -3.6  -3.1  -1.0  -2.5
                 +15 ms   -3.0  -3.0  -2.6  -2.1  -0.9  -0.7  -0.7  -0.7  -2.3  -2.4  -2.3  -2.2  -2.1  -1.0  -0.8  -0.8  -0.8  -1.0  -2.5  -2.4
                 +35 ms   -2.5  -2.5  -2.5  -1.3  -1.0  -1.0  -1.0  -1.0  -0.9  -1.0  -2.0  -2.1  -2.2  -2.3  -2.2  -1.2  -1.1  -1.1  -1.1  -1.0
                 +55 ms   -1.1  -1.1  -1.5  -2.3  -2.3  -2.5
              9   19.85    3.6     -3.67   -3.67   -0.0      0.0       0.3     0.7    1.3    1.3    1.7    -3.67  -3.67
                 GR trace -25..+60 ms:
                 -25 ms   -0.0  -0.0  -0.0  -0.0  -0.0  -0.0  -0.0  -0.0  -0.0  -0.0  -0.0  -0.0  -0.0  -0.0  -0.0  -0.0  -0.0  -0.0  -0.0  -0.0
                  -5 ms   -0.0  -0.0  -0.0  -0.0  -0.0  -1.7  -2.6  -0.4  -2.6  -3.6  -2.8  -1.1  -2.7  -3.0  -3.0  -2.1  -0.5  -2.4  -2.7  -2.6
                 +15 ms   -2.2  -1.8  -0.8  -0.6  -0.6  -0.6  -1.6  -2.3  -2.2  -2.1  -2.1  -1.6  -0.7  -0.7  -0.7  -0.7  -1.0  -2.4  -2.3  -2.4
                 +35 ms   -2.4  -2.5  -1.6  -0.9  -0.9  -0.9  -0.9  -0.9  -0.9  -1.3  -2.0  -2.1  -2.1  -2.2  -2.1  -1.1  -1.0  -1.0  -1.0  -1.0
                 +55 ms   -1.0  -1.0  -1.0  -2.1  -2.2  -2.4
             10   23.26    4.1     -4.16   -4.15   -0.0      0.0       0.3     0.7    1.3    1.3  652.0    -4.15  -4.15
                 GR trace -25..+60 ms:
                 -25 ms    n/a   n/a   n/a   n/a   n/a   n/a  -0.0  -0.0  -0.0  -0.0  -0.0  -0.0  -0.0  -0.0  -0.0  -0.0   n/a   n/a  -0.0  -0.0
                  -5 ms   -0.0  -0.0  -0.0  -0.0  -0.0  -0.0  -0.0  -0.0  -2.6  -2.7  -1.7  -3.7  -4.0  -2.5  -3.0  -3.2  -3.6  -3.1  -1.0  -2.5
                 +15 ms   -3.0  -3.0  -2.6  -2.1  -0.9  -0.7  -0.7  -0.7  -2.3  -2.4  -2.3  -2.2  -2.1  -1.0  -0.8  -0.8  -0.8  -1.0  -2.5  -2.4
                 +35 ms   -2.5  -2.5  -2.5  -1.3  -1.0  -1.0  -1.0  -1.0  -0.9  -1.0  -2.0  -2.1  -2.2  -2.3  -2.2  -1.2  -1.1  -1.1  -1.1  -1.1
                 +55 ms   -1.1  -1.1  -1.5  -2.3  -2.3  -2.5
             11   25.53    4.1     -4.16   -4.15    0.0      0.0       0.3     0.7    1.3    1.3  656.3    -4.15  -4.15
                 GR trace -25..+60 ms:
                 -25 ms    n/a   n/a   n/a   n/a   n/a   n/a  -0.0  -0.0  -0.0  -0.0  -0.0  -0.0  -0.0  -0.0  -0.0  -0.0   n/a   n/a  -0.0  -0.0
                  -5 ms   -0.0  -0.0  -0.0  -0.0  -0.0  -0.0  -0.0  -0.1  -2.9  -2.3  -2.3  -4.0  -3.8  -1.9  -3.0  -3.4  -3.6  -2.6  -0.6  -2.8
                 +15 ms   -3.0  -2.9  -2.4  -1.8  -0.7  -0.7  -0.7  -0.9  -2.6  -2.4  -2.3  -2.2  -1.8  -0.8  -0.8  -0.8  -0.8  -1.6  -2.5  -2.5
                 +35 ms   -2.5  -2.5  -2.3  -1.1  -1.0  -1.0  -1.0  -1.0  -0.9  -1.3  -2.1  -2.1  -2.2  -2.3  -1.9  -1.1  -1.1  -1.1  -1.1  -1.0
                 +55 ms   -1.1  -1.0  -1.8  -2.3  -2.4  -2.5
             12   30.08    4.2     -4.19   -4.19    0.0      0.0       0.3     0.7    1.0    1.3 1107.3    -4.19  -4.19
                 GR trace -25..+60 ms:
                 -25 ms    n/a   n/a   n/a   n/a  -0.0  -0.0  -0.0  -0.0  -0.0   n/a   n/a   n/a   n/a   n/a   n/a   n/a   n/a  -0.0   n/a  -0.0
                  -5 ms   -0.0  -0.0  -0.0  -0.0  -0.0  -2.2  -2.7  -2.7  -3.8  -3.4  -3.1  -3.8  -4.1  -2.2  -2.7  -3.1  -3.3  -3.0  -1.3  -0.6
                 +15 ms   -0.6  -2.2  -2.6  -2.5  -2.3  -1.2  -0.7  -0.7  -0.8  -2.4  -2.4  -2.4  -2.4  -1.3  -0.9  -0.9  -0.9  -0.9  -1.3  -1.9
                 +35 ms   -2.0  -2.2  -1.7  -0.9  -0.9  -0.9  -0.9  -1.1  -1.2  -2.1  -2.2  -2.4  -1.9  -1.0  -1.0  -1.0  -1.0  -1.0  -1.0  -1.8
                 +55 ms   -1.9  -2.2  -1.9  -1.1  -1.1  -1.1
             13   32.80    4.1     -4.16   -4.14    0.0      0.0       0.3     0.7    1.3    1.3    1.7    -4.14  -4.14
                 GR trace -25..+60 ms:
                 -25 ms    n/a   n/a   n/a   n/a   n/a   n/a  -0.0  -0.0  -0.0  -0.0  -0.0  -0.0  -0.0  -0.0  -0.0  -0.0   n/a   n/a  -0.0  -0.0
                  -5 ms   -0.0  -0.0  -0.0  -0.0  -0.0  -0.0  -0.0  -1.4  -3.2  -1.4  -2.9  -4.1  -3.4  -1.8  -3.1  -3.5  -3.5  -1.9  -0.5  -2.9
                 +15 ms   -3.0  -2.8  -2.3  -1.5  -0.7  -0.7  -0.7  -1.5  -2.6  -2.3  -2.2  -2.2  -1.5  -0.8  -0.8  -0.8  -0.8  -2.0  -2.4  -2.5
                 +35 ms   -2.5  -2.6  -1.9  -1.0  -1.0  -1.0  -1.0  -0.9  -0.9  -1.6  -2.1  -2.2  -2.2  -2.3  -1.6  -1.1  -1.1  -1.1  -1.1  -1.0
                 +55 ms   -1.1  -1.1  -2.1  -2.3  -2.4  -2.5
             14   34.40    4.0     -4.00   -3.99   -0.0      0.0       0.7     0.3    1.0    1.0    1.3    -3.99  -3.99
                 GR trace -25..+60 ms:
                 -25 ms   -0.0  -0.0  -0.0  -0.0  -0.0  -0.0  -0.0  -0.0  -0.0  -0.0  -0.0  -0.0  -0.0  -0.0  -0.0  -0.0  -0.0  -0.0  -0.0  -0.0
                  -5 ms   -0.0  -0.0  -0.0  -0.0  -0.2  -2.7  -2.1  -1.9  -3.7  -3.7  -2.0  -2.8  -3.0  -3.3  -3.0  -1.2  -1.0  -2.9  -2.9  -2.6
                 +15 ms   -2.1  -1.5  -0.7  -0.6  -0.6  -0.7  -2.5  -2.4  -2.2  -2.2  -2.2  -1.1  -0.8  -0.8  -0.8  -0.8  -2.1  -2.4  -2.5  -2.5
                 +35 ms   -2.6  -2.3  -1.1  -1.0  -1.0  -1.0  -1.0  -1.0  -1.0  -2.0  -2.1  -2.2  -2.2  -2.3  -1.6  -1.1  -1.1  -1.1  -1.1  -1.1
                 +55 ms   -1.1  -1.1  -1.6  -2.3  -2.3  -2.5
             15   43.71    4.2     -4.19   -4.19    0.0      0.0       0.3     0.7    1.3    1.3    1.7    -4.19  -4.19
                 GR trace -25..+60 ms:
                 -25 ms    n/a   n/a   n/a   n/a  -0.0  -0.0  -0.0  -0.0  -0.0   n/a   n/a   n/a   n/a   n/a   n/a   n/a   n/a  -0.0   n/a  -0.0
                  -5 ms   -0.0  -0.0  -0.0  -0.0  -0.0  -0.5  -2.9  -1.8  -3.6  -3.8  -2.7  -3.6  -4.1  -3.2  -0.8  -3.1  -3.2  -3.1  -2.0  -0.6
                 +15 ms   -0.6  -1.5  -2.7  -2.5  -2.4  -1.7  -0.7  -0.7  -0.7  -2.0  -2.4  -2.4  -2.4  -1.8  -0.9  -0.9  -0.9  -0.8  -0.9  -1.8
                 +35 ms   -1.9  -2.1  -2.1  -1.1  -0.9  -0.9  -0.9  -1.1  -0.9  -2.0  -2.1  -2.4  -2.3  -1.2  -1.0  -1.0  -1.0  -1.0  -1.0  -1.6
                 +55 ms   -1.9  -2.1  -2.1  -1.3  -1.1  -1.1
             16   47.35    4.1     -4.16   -4.15    0.0      0.0       0.7     0.3    1.0    1.3    1.3    -4.15  -4.15
                 GR trace -25..+60 ms:
                 -25 ms    n/a   n/a   n/a   n/a   n/a   n/a  -0.0  -0.0  -0.0  -0.0  -0.0  -0.0  -0.0  -0.0  -0.0  -0.0   n/a   n/a  -0.0  -0.0
                  -5 ms   -0.0  -0.0  -0.0  -0.0  -0.0  -0.0  -0.0  -0.0  -2.7  -2.6  -1.9  -3.8  -4.0  -2.4  -3.0  -3.3  -3.6  -2.9  -0.9  -2.6
                 +15 ms   -3.0  -3.0  -2.5  -2.0  -0.8  -0.7  -0.7  -0.7  -2.4  -2.4  -2.3  -2.2  -2.0  -0.9  -0.8  -0.8  -0.8  -1.2  -2.5  -2.4
                 +35 ms   -2.5  -2.5  -2.5  -1.2  -1.0  -1.0  -1.0  -1.0  -0.9  -1.1  -2.1  -2.1  -2.2  -2.3  -2.1  -1.2  -1.1  -1.1  -1.1  -1.0
                 +55 ms   -1.1  -1.1  -1.6  -2.3  -2.3  -2.5
             17   48.94    3.6     -3.67   -3.67   -0.0      0.0       0.3     0.3    1.0    1.3    1.3    -3.67  -3.67
                 GR trace -25..+60 ms:
                 -25 ms   -0.0  -0.0  -0.0  -0.0  -0.0  -0.0  -0.0  -0.0  -0.0  -0.0  -0.0  -0.0  -0.0  -0.0  -0.0  -0.0  -0.0  -0.0  -0.0  -0.0
                  -5 ms   -0.0  -0.0  -0.0  -0.0  -0.0  -1.9  -2.4  -0.5  -2.8  -3.6  -2.6  -1.6  -2.7  -3.0  -3.0  -1.9  -0.4  -2.5  -2.7  -2.6
                 +15 ms   -2.1  -1.7  -0.7  -0.6  -0.6  -0.6  -1.7  -2.3  -2.2  -2.0  -2.1  -1.4  -0.7  -0.7  -0.7  -0.7  -1.2  -2.4  -2.4  -2.4
                 +35 ms   -2.4  -2.5  -1.4  -0.9  -0.9  -0.9  -0.9  -0.9  -0.9  -1.5  -2.0  -2.1  -2.1  -2.3  -2.0  -1.1  -1.0  -1.0  -1.0  -1.0
                 +55 ms   -1.0  -1.0  -1.1  -2.2  -2.2  -2.4
             18   52.35    4.1     -4.16   -4.15   -0.0      0.0       0.7     0.3    1.0    1.3    1.3    -4.15  -4.15
                 GR trace -25..+60 ms:
                 -25 ms    n/a   n/a   n/a   n/a   n/a   n/a  -0.0  -0.0  -0.0  -0.0  -0.0  -0.0  -0.0  -0.0  -0.0  -0.0   n/a   n/a  -0.0  -0.0
                  -5 ms   -0.0  -0.0  -0.0  -0.0  -0.0  -0.0  -0.0  -0.0  -2.7  -2.6  -1.9  -3.8  -4.0  -2.4  -3.0  -3.3  -3.6  -2.9  -0.9  -2.6
                 +15 ms   -3.0  -3.0  -2.5  -2.0  -0.8  -0.7  -0.7  -0.7  -2.4  -2.4  -2.3  -2.2  -2.0  -0.9  -0.8  -0.8  -0.8  -1.2  -2.5  -2.4
                 +35 ms   -2.5  -2.5  -2.5  -1.2  -1.0  -1.0  -1.0  -1.0  -0.9  -1.1  -2.1  -2.1  -2.2  -2.3  -2.1  -1.2  -1.1  -1.1  -1.1  -1.0
                 +55 ms   -1.1  -1.1  -1.6  -2.3  -2.3  -2.5
             19   54.62    4.1     -4.16   -4.16    0.0      0.0       0.3     0.7    1.3    1.3    1.3    -4.16  -4.16
                 GR trace -25..+60 ms:
                 -25 ms    n/a   n/a   n/a   n/a   n/a   n/a  -0.0  -0.0  -0.0  -0.0  -0.0  -0.0  -0.0  -0.0  -0.0  -0.0   n/a   n/a  -0.0  -0.0
                  -5 ms   -0.0  -0.0  -0.0  -0.0  -0.0  -0.0  -0.0  -0.4  -3.1  -2.1  -2.4  -4.0  -3.7  -1.7  -3.1  -3.4  -3.6  -2.4  -0.5  -2.8
                 +15 ms   -3.0  -2.9  -2.4  -1.7  -0.7  -0.7  -0.7  -1.1  -2.6  -2.4  -2.3  -2.2  -1.7  -0.8  -0.8  -0.8  -0.8  -1.7  -2.5  -2.5
                 +35 ms   -2.5  -2.6  -2.2  -1.0  -1.0  -1.0  -1.0  -1.0  -0.9  -1.4  -2.1  -2.2  -2.2  -2.3  -1.8  -1.1  -1.1  -1.1  -1.1  -1.0
                 +55 ms   -1.1  -1.0  -1.9  -2.3  -2.4  -2.5
ROW case=bass_sustain tag=proL2 aligned=1 offset=235 outI=-7.09 inI=-5.74 tp=0.27 overs=2 grMean=-1.01 grStd=0.70 crestOut=4.5 hits=20 retMed=-4.16 t63med=1.3 t90med=1.3 lrStd=0.00

-- rule: echojay vs proL2 on bass_sustain
  FAIL  level matched within 0.1 LU  [-7.68 vs -7.09 LUFS]
  PASS  zero true-peak overs above the ceiling  [0 overs, -0.20 dBTP (Pro-L 2: 2, 0.27 dBTP)]
  PASS  transient retention within 1 dB of Pro-L 2 on every hit  [worst 0.16 dB at hit 14 (34.39 s)]
  FAIL  release limbs within 10% (median t63, t90)  [t63 343.3 vs 1.3 ms, t90 683.0 vs 1.3 ms]
  FAIL  pumping (momentary GR std) no worse than Pro-L 2 + 0.2 dB  [1.00 vs 0.70 dB]

==== limiter_ab_guard analyse: GREEN (0 problem(s)) ====
