# Pro-L 2 allround prints measured against the sources (2026-10-09 15:40); gains hot 10.87 bass 8.45 synthetic 8.2
limiter_ab_guard analyse docs/limiter_ab/renders/styles/allround  gain +10.9 dB  ceiling +0.0 dB

#### case fullmix_hot: source docs/limiter_ab/renders/styles/allround/source_fullmix_hot.wav (pcm24, 48000 Hz, 2 ch, 58.18 s)

== case fullmix_hot        tag proL2       48000 Hz  2792727 frames  offset +0 samples (0.00 ms)  [render 0.5 s longer, tail silent]  corr 1.000 1.000 1.000 1.000 1.000 1.000 0.999 0.999
  gain +10.9 dB  ceiling +0.0 dB
  loudness   in+gain  I -9.93 LUFS  Mmax -6.2  Smax -8.2   |  out  I -10.10 LUFS  Mmax -6.8  Smax -8.4   |  S std 1.77 -> 1.71 LU
  peaks      sample -0.04 dBFS  TRUE PEAK (arbiter, exact) -0.00 dBTP  overs above ceiling+0.02 dB: 0  [96-tap meter: -0.00 dBTP, 0 overs at +0.05]
  dynamics   GR mean -0.09 dB  max -1.14  std 0.11  p2p 1.14  |  crest in 11.4 -> out 9.9 dB  |  L-R GR std 0.01 dB
  hits       15 detected
              #    t(s)   over   retained   GRmin   base   pre(ms)   hold(ms)    t10    t50    t63    t90 (ms)   dipL   dipR
              0    0.06    2.6     -2.68   -1.88    0.0      0.0       0.0     0.3    0.3    0.3   16.7    -1.82  -1.93
                 GR trace -25..+60 ms:
                 -25 ms    n/a   n/a   n/a   n/a   n/a   n/a   n/a   n/a   n/a   n/a   n/a   n/a   n/a   n/a   n/a   n/a   n/a   n/a   n/a   n/a
                  -5 ms    n/a   n/a  -0.0  -0.0  -0.0  -0.0  -0.0  -0.0  -0.0  -0.0  -0.3  -0.4  -0.1  -0.6  -1.6  -1.5  -0.5  -0.7  -0.6  -0.4
                 +15 ms   -0.4  -0.4  -0.3  -0.3  -0.3  -0.3  -0.3  -0.3  -0.2  -0.2  -0.2  -0.2  -0.2  -0.2  -0.2  -0.2  -0.2  -0.1  -0.1  -0.1
                 +35 ms   -0.1  -0.1  -0.1  -0.1  -0.1  -0.1  -0.1  -0.1  -0.1  -0.1  -0.1  -0.1  -0.1  -0.1  -0.1  -0.1  -0.1  -0.1  -0.1  -0.1
                 +55 ms   -0.1  -0.1  -0.1  -0.1  -0.0  -0.0
              1    1.43   -0.7     -0.01   -0.01   -0.0      n/a       n/a     n/a    n/a    n/a    n/a    -0.01  -0.01
                 GR trace -25..+60 ms:
                 -25 ms   -0.0  -0.0  -0.0  -0.0  -0.0  -0.0  -0.0  -0.0  -0.0  -0.0  -0.0  -0.0  -0.0  -0.0  -0.0  -0.0  -0.0  -0.0  -0.0  -0.0
                  -5 ms   -0.0  -0.0  -0.0  -0.0  -0.0  -0.0  -0.0  -0.0  -0.0  -0.0  -0.0  -0.0  -0.0  -0.0  -0.0  -0.0  -0.0  -0.0  -0.0  -0.0
                 +15 ms   -0.0  -0.0  -0.0  -0.0  -0.0  -0.0  -0.0  -0.0  -0.0  -0.0  -0.0  -0.0  -0.0  -0.0  -0.0  -0.0  -0.0  -0.0  -0.0  -0.0
                 +35 ms   -0.0  -0.0  -0.0  -0.0  -0.0  -0.0  -0.0  -0.0  -0.0  -0.0  -0.0  -0.0  -0.0  -0.0  -0.0  -0.0  -0.0  -0.0  -0.0  -0.0
                 +55 ms   -0.0  -0.0  -0.0  -0.0  -0.0  -0.0
              2    3.71    3.0     -3.03   -2.11   -0.0      0.0       0.3     0.3    0.3    0.3   15.0    -2.13  -2.09
                 GR trace -25..+60 ms:
                 -25 ms   -0.0  -0.0  -0.0  -0.0  -0.0  -0.0  -0.0  -0.0  -0.0  -0.0  -0.0  -0.0  -0.0  -0.0  -0.0  -0.0  -0.0  -0.0  -0.0  -0.0
                  -5 ms   -0.0  -0.0  -0.0  -0.0  -0.0  -0.5  -0.1  -0.2  -0.7  -0.4  -0.3  -1.0  -1.6  -1.2  -0.4  -0.4  -0.5  -0.4  -0.4  -0.3
                 +15 ms   -0.3  -0.3  -0.3  -0.3  -0.3  -0.2  -0.2  -0.2  -0.2  -0.2  -0.2  -0.2  -0.2  -0.2  -0.2  -0.1  -0.1  -0.1  -0.1  -0.1
                 +35 ms   -0.1  -0.1  -0.1  -0.1  -0.1  -0.1  -0.1  -0.1  -0.1  -0.1  -0.1  -0.1  -0.1  -0.1  -0.1  -0.1  -0.1  -0.1  -0.1  -0.1
                 +55 ms   -0.1  -0.1  -0.1  -0.1  -0.1  -0.0
              3    8.70    2.2     -2.22   -1.53   -0.0      0.0       0.0     0.3    0.3    0.3    4.0    -1.57  -1.49
                 GR trace -25..+60 ms:
                 -25 ms   -0.0  -0.0  -0.0  -0.0  -0.0  -0.0  -0.0  -0.0  -0.0  -0.0  -0.0  -0.0  -0.0  -0.0  -0.0  -0.0  -0.0  -0.0  -0.0  -0.0
                  -5 ms   -0.0  -0.0  -0.0  -0.0  -0.0  -0.0  -0.0  -0.0  -0.0  -0.0  -0.0  -0.0  -0.0  -0.4  -0.2  -0.1  -0.1  -0.7  -0.9  -0.2
                 +15 ms   -0.2  -0.2  -0.2  -0.1  -0.1  -0.3  -0.1  -0.1  -0.1  -0.1  -0.1  -0.1  -0.1  -0.1  -0.1  -0.1  -0.1  -0.1  -0.0  -0.0
                 +35 ms   -0.0  -0.0  -0.0  -0.0  -0.0  -0.0  -0.0  -0.0  -0.0  -0.4  -0.1  -0.1  -0.1  -0.1  -0.1  -0.1  -0.1  -0.1  -0.0  -0.0
                 +55 ms   -0.1  -0.0  -0.0  -0.0  -0.0  -0.0
              4   15.96   -7.4     -0.01   -0.32   -0.0      n/a       n/a     n/a    n/a    n/a    n/a    -0.32  -0.31
                 GR trace -25..+60 ms:
                 -25 ms   -0.0  -0.0  -0.0  -0.0  -0.0  -0.0  -0.0  -0.0  -0.0  -0.0  -0.0  -0.0  -0.0  -0.0  -0.0  -0.0  -0.0  -0.0  -0.0  -0.0
                  -5 ms   -0.0  -0.0  -0.0  -0.0  -0.0  -0.0  -0.0  -0.0  -0.0  -0.0  -0.0  -0.0  -0.0  -0.0  -0.0  -0.0  -0.0  -0.0  -0.0  -0.0
                 +15 ms   -0.0  -0.0  -0.0  -0.0  -0.0  -0.0  -0.0  -0.0  -0.0  -0.0  -0.0  -0.0  -0.1  -0.2  -0.0  -0.0  -0.0  -0.9  -0.1  -0.1
                 +35 ms   -0.1  -0.1  -0.1  -0.1  -0.1  -0.1  -0.0  -0.0  -0.0  -0.0  -0.0  -0.0  -0.0  -0.0  -0.2  -0.1  -0.0  -0.0  -0.0  -0.0
                 +55 ms   -0.3  -0.1  -0.1  -0.0  -0.0  -0.0
              5   17.65   -5.3     -0.00   -0.00   -0.0      n/a       n/a     n/a    n/a    n/a    n/a    -0.00  -0.00
                 GR trace -25..+60 ms:
                 -25 ms   -0.0  -0.0  -0.0  -0.0  -0.0  -0.0  -0.0  -0.0  -0.0  -0.0  -0.0  -0.0  -0.0  -0.0  -0.0  -0.0  -0.0  -0.0  -0.0  -0.0
                  -5 ms   -0.0  -0.0  -0.0  -0.0  -0.0  -0.0  -0.0  -0.0  -0.0  -0.0  -0.0  -0.0  -0.0  -0.0  -0.0  -0.0  -0.0  -0.0  -0.0  -0.0
                 +15 ms   -0.0  -0.0  -0.0  -0.0  -0.0  -0.0  -0.0  -0.0  -0.0  -0.0  -0.0  -0.0  -0.0  -0.0  -0.0  -0.0  -0.0  -0.0  -0.0  -0.0
                 +35 ms   -0.0  -0.0  -0.0  -0.0  -0.0  -0.0  -0.0  -0.0  -0.0  -0.0  -0.0  -0.0  -0.0  -0.0  -0.0  -0.0  -0.0  -0.0  -0.0  -0.0
                 +55 ms   -0.0  -0.0  -0.0  -0.0  -0.0  -0.0
              6   18.25    2.5     -2.52   -1.81   -0.0      0.0       0.0     0.3    0.7    2.0   20.3    -1.78  -1.84
                 GR trace -25..+60 ms:
                 -25 ms   -0.0  -0.0  -0.0  -0.0  -0.0  -0.0  -0.0  -0.0  -0.0  -0.0  -0.0  -0.0  -0.0  -0.0  -0.0  -0.0  -0.0  -0.0  -0.0  -0.0
                  -5 ms   -0.0  -0.0  -0.0  -0.0  -0.0  -0.0  -0.0  -0.2  -0.2  -0.0  -0.6  -1.4  -0.7  -1.3  -1.3  -0.6  -0.4  -0.4  -0.4  -0.4
                 +15 ms   -0.4  -0.3  -0.3  -0.3  -0.3  -0.3  -0.2  -0.3  -0.4  -0.2  -0.2  -0.2  -0.2  -0.2  -0.2  -0.2  -0.2  -0.1  -0.1  -0.1
                 +35 ms   -0.1  -0.1  -0.1  -0.1  -0.1  -0.1  -0.1  -0.1  -0.1  -0.1  -0.1  -0.1  -0.1  -0.1  -0.1  -0.1  -0.1  -0.1  -0.1  -0.1
                 +55 ms   -0.1  -0.1  -0.1  -0.1  -0.1  -0.1
              7   24.61    0.8     -0.87   -0.91   -0.0      n/a       n/a     n/a    n/a    n/a    n/a    -0.93  -0.90
                 GR trace -25..+60 ms:
                 -25 ms   -0.0  -0.0  -0.0  -0.0  -0.0  -0.0  -0.0  -0.0  -0.0  -0.0  -0.0  -0.0  -0.0  -0.0  -0.0  -0.0  -0.0  -0.0  -0.0  -0.0
                  -5 ms   -0.0  -0.0  -0.0  -0.0  -0.0  -0.0  -0.5  -0.1  -0.1  -0.0  -0.0  -0.0  -0.0  -0.0  -0.0  -0.0  -0.5  -0.1  -0.1  -0.1
                 +15 ms   -0.1  -0.0  -0.0  -0.0  -0.0  -0.0  -0.0  -0.2  -0.0  -0.0  -0.0  -0.0  -0.0  -0.0  -0.0  -0.0  -0.0  -0.0  -0.0  -0.0
                 +35 ms   -0.0  -0.0  -0.0  -0.1  -0.0  -0.0  -0.9  -0.1  -0.1  -0.1  -0.1  -0.0  -0.0  -0.0  -0.0  -0.0  -0.0  -0.0  -0.0  -0.0
                 +55 ms   -0.0  -0.0  -0.0  -0.0  -0.0  -0.0
              8   25.29    0.2     -0.27   -0.17   -0.0      n/a       n/a     n/a    n/a    n/a    n/a    -0.20  -0.14
                 GR trace -25..+60 ms:
                 -25 ms   -0.0  -0.0  -0.0  -0.0  -0.0  -0.0  -0.0  -0.0  -0.0  -0.0  -0.0  -0.0  -0.0  -0.0  -0.0  -0.0  -0.0  -0.0  -0.0  -0.0
                  -5 ms   -0.0  -0.0  -0.0  -0.0  -0.0  -0.1  -0.0  -0.0  -0.0  -0.0  -0.0  -0.0  -0.0  -0.0  -0.0  -0.0  -0.0  -0.0  -0.0  -0.0
                 +15 ms   -0.0  -0.0  -0.0  -0.0  -0.0  -0.0  -0.0  -0.0  -0.0  -0.0  -0.0  -0.0  -0.0  -0.0  -0.0  -0.0  -0.0  -0.0  -0.0  -0.0
                 +35 ms   -0.0  -0.0  -0.0  -0.0  -0.0  -0.0  -0.0  -0.0  -0.0  -0.0  -0.0  -0.0  -0.0  -0.0  -0.0  -0.0  -0.0  -0.0  -0.0  -0.0
                 +55 ms   -0.0  -0.0  -0.0  -0.0  -0.0  -0.0
              9   30.07    4.6     -4.59   -4.12   -0.0      0.0       0.3     0.3    0.3    0.3  101.3    -4.09  -4.16
                 GR trace -25..+60 ms:
                 -25 ms   -0.0  -0.0  -0.0  -0.0  -0.0  -0.0  -0.0  -0.0  -0.0  -0.0  -0.0  -0.0  -0.0  -0.0  -0.0  -0.0  -0.0  -0.0  -0.0  -0.0
                  -5 ms   -0.0  -0.0  -0.0  -0.0  -0.0  -0.2  -2.1  -3.3  -2.5  -0.8  -1.1  -1.3  -1.0  -2.3  -0.9  -2.6  -2.5  -3.2  -1.2  -1.0
                 +15 ms   -0.9  -0.9  -1.5  -1.3  -0.9  -2.3  -0.9  -0.8  -1.4  -1.5  -1.1  -1.3  -1.4  -1.5  -0.8  -0.8  -0.8  -1.2  -1.6  -2.3
                 +35 ms   -1.4  -1.4  -2.2  -0.8  -0.8  -0.8  -1.5  -0.8  -1.1  -0.8  -1.2  -2.1  -1.2  -0.9  -0.8  -0.8  -0.8  -0.8  -0.8  -0.8
                 +55 ms   -0.7  -0.7  -0.7  -0.7  -0.7  -0.7
             10   32.80    2.2     -2.21   -1.92   -0.0      0.0       0.0     0.3    0.3    0.3   11.3    -1.96  -1.89
                 GR trace -25..+60 ms:
                 -25 ms   -0.0  -0.0  -0.0  -0.0  -0.0  -0.0  -0.0  -0.0  -0.0  -0.0  -0.0  -0.0  -0.0  -0.0  -0.0  -0.0  -0.0  -0.0  -0.0  -0.0
                  -5 ms   -0.0  -0.0  -0.0  -0.0  -0.0  -0.0  -0.0  -0.0  -0.8  -0.9  -0.5  -0.6  -0.6  -1.3  -0.7  -0.4  -0.3  -0.3  -0.3  -0.3
                 +15 ms   -0.3  -0.2  -0.2  -0.2  -0.2  -0.2  -0.2  -0.2  -0.2  -0.1  -0.1  -0.1  -0.1  -0.1  -0.1  -0.1  -0.1  -0.1  -0.1  -0.1
                 +35 ms   -0.1  -0.1  -0.1  -0.1  -0.1  -0.1  -0.1  -0.1  -0.1  -0.1  -0.1  -0.0  -0.0  -0.0  -0.0  -0.0  -0.0  -0.0  -0.0  -0.0
                 +55 ms   -0.0  -0.0  -0.0  -0.1  -0.0  -0.0
             11   39.93   -0.7     -0.00   -0.00   -0.0      n/a       n/a     n/a    n/a    n/a    n/a    -0.00  -0.00
                 GR trace -25..+60 ms:
                 -25 ms   -0.0  -0.0  -0.0  -0.0  -0.0  -0.0  -0.0  -0.0  -0.0  -0.0  -0.0  -0.0  -0.0  -0.0  -0.0  -0.0  -0.0  -0.0  -0.0  -0.0
                  -5 ms   -0.0  -0.0  -0.0  -0.0  -0.0  -0.0  -0.0  -0.0  -0.0  -0.0  -0.0  -0.0  -0.0  -0.0  -0.0  -0.0  -0.0  -0.0  -0.0  -0.0
                 +15 ms   -0.0  -0.0  -0.0  -0.0  -0.0  -0.0  -0.0  -0.0  -0.0  -0.0  -0.0  -0.0  -0.0  -0.0  -0.0  -0.0  -0.0  -0.0  -0.0  -0.0
                 +35 ms   -0.0  -0.0  -0.0  -0.0  -0.0  -0.0  -0.0  -0.0  -0.0  -0.0  -0.0  -0.0  -0.0  -0.0  -0.0  -0.0  -0.0  -0.0  -0.0  -0.0
                 +55 ms   -0.0  -0.0  -0.0  -0.0  -0.0  -0.0
             12   46.43   -4.2     -0.00   -0.00   -0.0      n/a       n/a     n/a    n/a    n/a    n/a    -0.00  -0.00
                 GR trace -25..+60 ms:
                 -25 ms   -0.0  -0.0  -0.0  -0.0  -0.0  -0.0  -0.0  -0.0  -0.0  -0.0  -0.0  -0.0  -0.0  -0.0  -0.0  -0.0  -0.0  -0.0  -0.0  -0.0
                  -5 ms   -0.0  -0.0  -0.0  -0.0  -0.0  -0.0  -0.0  -0.0  -0.0  -0.0  -0.0  -0.0  -0.0  -0.0  -0.0  -0.0  -0.0  -0.0  -0.0  -0.0
                 +15 ms   -0.0  -0.0  -0.0  -0.0  -0.0  -0.0  -0.0  -0.0  -0.0  -0.0  -0.0  -0.0  -0.0  -0.0  -0.0  -0.0  -0.0  -0.0  -0.0  -0.0
                 +35 ms   -0.0  -0.0  -0.0  -0.0  -0.0  -0.0  -0.0  -0.0  -0.0  -0.0  -0.0  -0.0  -0.0  -0.0  -0.0  -0.0  -0.0  -0.0  -0.0  -0.0
                 +55 ms   -0.0  -0.0  -0.0  -0.0  -0.0  -0.0
             13   46.90   -1.9     -0.00   -0.00   -0.0      n/a       n/a     n/a    n/a    n/a    n/a    -0.00  -0.00
                 GR trace -25..+60 ms:
                 -25 ms   -0.0  -0.0  -0.0  -0.0  -0.0  -0.0  -0.0  -0.0  -0.0  -0.0  -0.0  -0.0  -0.0  -0.0  -0.0  -0.0  -0.0  -0.0  -0.0  -0.0
                  -5 ms   -0.0  -0.0  -0.0  -0.0  -0.0  -0.0  -0.0  -0.0  -0.0  -0.0  -0.0  -0.0  -0.0  -0.0  -0.0  -0.0  -0.0  -0.0  -0.0  -0.0
                 +15 ms   -0.0  -0.0  -0.0  -0.0  -0.0  -0.0  -0.0  -0.0  -0.0  -0.0  -0.0  -0.0  -0.0  -0.0  -0.0  -0.0  -0.0  -0.0  -0.0  -0.0
                 +35 ms   -0.0  -0.0  -0.0  -0.0  -0.0  -0.0  -0.0  -0.0  -0.0  -0.0  -0.0  -0.0  -0.0  -0.0  -0.0  -0.0  -0.0  -0.0  -0.0  -0.0
                 +55 ms   -0.0  -0.0  -0.0  -0.0  -0.0  -0.0
             14   52.34    1.8     -1.84   -1.22   -0.0      0.0       0.0     0.3    0.7    0.7    2.7    -1.19  -1.25
                 GR trace -25..+60 ms:
                 -25 ms   -0.0  -0.0  -0.0  -0.0  -0.0  -0.0  -0.0  -0.0  -0.0  -0.0  -0.0  -0.0  -0.0  -0.0  -0.0  -0.0  -0.0  -0.0  -0.0  -0.0
                  -5 ms   -0.0  -0.0  -0.0  -0.0  -0.0  -0.0  -0.0  -0.0  -0.0  -0.0  -0.0  -0.0  -0.3  -0.1  -0.1  -0.0  -0.4  -0.7  -0.2  -0.1
                 +15 ms   -0.1  -0.1  -0.1  -0.1  -0.1  -0.1  -0.1  -0.1  -0.1  -0.0  -0.0  -0.0  -0.0  -0.0  -0.0  -0.0  -0.0  -0.0  -0.0  -0.0
                 +35 ms   -0.0  -0.0  -0.0  -0.0  -0.0  -0.0  -0.0  -0.0  -0.0  -0.1  -0.0  -0.0  -0.0  -0.0  -0.0  -0.0  -0.0  -0.0  -0.0  -0.1
                 +55 ms   -0.0  -0.0  -0.0  -0.0  -0.0  -0.0
ROW case=fullmix_hot tag=proL2 aligned=1 offset=0 outI=-10.10 inI=-9.93 tp=-0.00 overs=0 edgeOvers=0 meterTp=-0.00 meterOvers=0 grMean=-0.09 grStd=0.11 crestOut=9.9 hits=15 retMed=-0.87 t63med=0.3 t90med=15.0 lrStd=0.01

==== limiter_ab_guard analyse: GREEN (0 problem(s)) ====
limiter_ab_guard analyse docs/limiter_ab/renders/styles/allround  gain +8.4 dB  ceiling +0.0 dB

#### case bass_sustain: source docs/limiter_ab/renders/styles/allround/source_bass_sustain.wav (pcm24, 48000 Hz, 2 ch, 58.18 s)

== case bass_sustain       tag proL2       48000 Hz  2792727 frames  offset +0 samples (0.00 ms)  [render 0.5 s longer, tail silent]  corr 0.996 0.996 0.997 0.997 0.996 0.000 0.997 0.997
  gain +8.4 dB  ceiling +0.0 dB
  loudness   in+gain  I -5.79 LUFS  Mmax -2.1  Smax -4.6   |  out  I -7.11 LUFS  Mmax -3.9  Smax -6.0   |  S std 2.23 -> 2.17 LU
  peaks      sample -0.04 dBFS  TRUE PEAK (arbiter, exact) -0.03 dBTP  overs above ceiling+0.02 dB: 0  [96-tap meter: -0.03 dBTP, 0 overs at +0.05]
  dynamics   GR mean -1.02 dB  max -3.00  std 0.64  p2p 2.99  |  crest in 5.8 -> out 4.5 dB  |  L-R GR std 0.00 dB
  hits       20 detected
              #    t(s)   over   retained   GRmin   base   pre(ms)   hold(ms)    t10    t50    t63    t90 (ms)   dipL   dipR
              0    0.08    4.1     -4.14   -4.14    0.0      0.0       0.3     0.7    1.0    1.3  608.0    -4.14  -4.14
                 GR trace -25..+60 ms:
                 -25 ms    n/a   n/a   n/a   n/a   0.0   0.0   0.0   0.0   0.0   n/a   n/a   n/a   n/a   n/a   n/a   n/a   n/a   0.0   n/a   0.0
                  -5 ms    0.0   0.0   0.0   0.0   0.0  -2.2  -2.7  -2.7  -3.7  -3.4  -3.1  -3.8  -4.0  -2.3  -2.8  -3.0  -3.2  -2.9  -1.6  -1.2
                 +15 ms   -1.3  -2.3  -2.5  -2.4  -2.3  -1.4  -1.3  -1.2  -1.2  -2.4  -2.3  -2.4  -2.3  -1.4  -1.2  -1.2  -1.2  -1.2  -1.4  -1.8
                 +35 ms   -1.9  -2.1  -1.7  -1.2  -1.2  -1.2  -1.2  -1.2  -1.3  -2.1  -2.2  -2.4  -1.9  -1.1  -1.1  -1.1  -1.1  -1.1  -1.1  -1.7
                 +55 ms   -1.9  -2.1  -1.9  -1.1  -1.1  -1.1
              1    1.44    4.1     -4.11   -4.10   -0.0      0.0       0.7     0.3    1.0    1.0  746.7    -4.10  -4.10
                 GR trace -25..+60 ms:
                 -25 ms    n/a   n/a   n/a   n/a   n/a   n/a  -0.0  -0.0  -0.0  -0.0  -0.0  -0.0  -0.0  -0.0  -0.0  -0.0   n/a   n/a  -0.0  -0.0
                  -5 ms   -0.0  -0.0  -0.0  -0.0  -0.0  -0.0  -0.0  -0.0  -2.8  -2.5  -2.1  -3.8  -3.8  -2.2  -2.9  -3.3  -3.6  -2.7  -1.2  -2.8
                 +15 ms   -2.9  -2.9  -2.4  -1.9  -1.2  -1.2  -1.2  -1.2  -2.5  -2.3  -2.2  -2.2  -1.9  -1.2  -1.2  -1.2  -1.2  -1.6  -2.5  -2.4
                 +35 ms   -2.4  -2.5  -2.3  -1.2  -1.2  -1.2  -1.2  -1.2  -1.2  -1.3  -2.0  -2.1  -2.2  -2.3  -2.0  -1.2  -1.1  -1.1  -1.1  -1.1
                 +55 ms   -1.1  -1.1  -1.7  -2.2  -2.3  -2.5
              2    3.71    4.1     -4.11   -4.10    0.0      0.0       0.7     0.3    1.0    1.3  760.7    -4.10  -4.10
                 GR trace -25..+60 ms:
                 -25 ms    n/a   n/a   n/a   n/a   n/a   n/a   0.0   0.0   0.0   0.0   0.0   0.0   0.0   0.0   0.0   0.0   n/a   n/a   0.0   0.0
                  -5 ms    0.0   0.0   0.0   0.0   0.0   0.0   0.0  -1.0  -3.1  -1.8  -2.6  -4.0  -3.5  -1.8  -3.1  -3.4  -3.5  -2.2  -1.1  -2.8
                 +15 ms   -2.9  -2.8  -2.3  -1.6  -1.2  -1.2  -1.2  -1.6  -2.5  -2.3  -2.2  -2.2  -1.6  -1.2  -1.2  -1.2  -1.2  -2.0  -2.4  -2.4
                 +35 ms   -2.4  -2.5  -2.0  -1.2  -1.2  -1.2  -1.2  -1.2  -1.2  -1.6  -2.0  -2.1  -2.2  -2.3  -1.7  -1.1  -1.1  -1.1  -1.1  -1.1
                 +55 ms   -1.1  -1.1  -2.0  -2.2  -2.4  -2.5
              3    5.31    3.6     -3.62   -3.62   -0.0      0.0       0.7     0.3    1.0    1.3 2696.7    -3.62  -3.62
                 GR trace -25..+60 ms:
                 -25 ms   -0.0  -0.0  -0.0  -0.0  -0.0  -0.0  -0.0  -0.0  -0.0  -0.0  -0.0  -0.0  -0.0  -0.0  -0.0  -0.0  -0.0  -0.0  -0.0  -0.0
                  -5 ms   -0.0  -0.0  -0.0  -0.0  -0.0  -2.3  -1.9  -1.5  -3.3  -3.4  -1.9  -2.5  -2.6  -3.0  -2.8  -1.4  -1.0  -2.6  -2.6  -2.4
                 +15 ms   -1.9  -1.4  -1.1  -1.1  -1.1  -1.1  -2.2  -2.2  -2.1  -2.0  -2.0  -1.2  -1.1  -1.1  -1.1  -1.0  -1.9  -2.3  -2.3  -2.3
                 +35 ms   -2.4  -2.2  -1.1  -1.1  -1.1  -1.1  -1.1  -1.1  -1.0  -1.8  -2.0  -2.1  -2.1  -2.2  -1.6  -1.0  -1.0  -1.0  -1.0  -1.0
                 +55 ms   -1.0  -1.0  -1.5  -2.2  -2.2  -2.4
              4    8.71    4.1     -4.11   -4.10   -0.0      0.0       0.7     0.3    1.0    1.3  744.3    -4.10  -4.10
                 GR trace -25..+60 ms:
                 -25 ms    n/a   n/a   n/a   n/a   n/a   n/a  -0.0  -0.0  -0.0  -0.0  -0.0  -0.0  -0.0  -0.0  -0.0  -0.0   n/a   n/a  -0.0  -0.0
                  -5 ms   -0.0  -0.0  -0.0  -0.0  -0.0  -0.0  -0.0  -1.0  -3.1  -1.8  -2.6  -4.0  -3.5  -1.8  -3.1  -3.4  -3.5  -2.2  -1.1  -2.8
                 +15 ms   -2.9  -2.8  -2.3  -1.6  -1.2  -1.2  -1.2  -1.6  -2.5  -2.3  -2.2  -2.2  -1.6  -1.2  -1.2  -1.2  -1.2  -2.0  -2.4  -2.4
                 +35 ms   -2.4  -2.5  -2.0  -1.2  -1.2  -1.2  -1.2  -1.2  -1.2  -1.6  -2.0  -2.1  -2.2  -2.3  -1.7  -1.1  -1.1  -1.1  -1.1  -1.1
                 +55 ms   -1.1  -1.1  -2.0  -2.2  -2.4  -2.5
              5   10.98    4.1     -4.11   -4.11    0.0      0.0       0.3     0.3    1.0    1.3  760.7    -4.11  -4.11
                 GR trace -25..+60 ms:
                 -25 ms    n/a   n/a   n/a   n/a   n/a   n/a   0.0   0.0   0.0   0.0   0.0   0.0   0.0   0.0   0.0   0.0   n/a   n/a   0.0   0.0
                  -5 ms    0.0   0.0   0.0   0.0   0.0   0.0   0.0  -2.0  -3.1  -1.0  -3.2  -4.1  -3.0  -2.7  -3.1  -3.5  -3.3  -1.7  -1.6  -3.0
                 +15 ms   -3.0  -2.7  -2.2  -1.4  -1.2  -1.2  -1.2  -2.1  -2.5  -2.3  -2.2  -2.2  -1.4  -1.2  -1.2  -1.2  -1.2  -2.2  -2.4  -2.4
                 +35 ms   -2.4  -2.5  -1.7  -1.2  -1.2  -1.2  -1.2  -1.2  -1.2  -1.8  -2.0  -2.1  -2.2  -2.2  -1.4  -1.1  -1.1  -1.1  -1.1  -1.1
                 +55 ms   -1.1  -1.2  -2.2  -2.2  -2.4  -2.5
              6   15.53   -3.4     -0.14   -0.16    0.0      n/a       n/a     n/a    n/a    n/a    n/a    -0.16  -0.16
                 GR trace -25..+60 ms:
                 -25 ms   -0.2  -0.2  -0.2  -0.2  -0.2  -0.2  -0.2  -0.2  -0.2  -0.2  -0.2  -0.2  -0.2  -0.2  -0.1  -0.1  -0.1  -0.1  -0.1  -0.1
                  -5 ms   -0.1  -0.1  -0.1  -0.1  -0.1  -0.1  -0.1  -0.1  -0.1  -0.1  -0.1  -0.1  -0.1  -0.1  -0.1  -0.1  -0.1  -0.1  -0.1  -0.1
                 +15 ms   -0.1  -0.1  -0.1  -0.1  -0.1  -0.1  -0.1  -0.1  -0.1  -0.1  -0.1  -0.1  -0.1  -0.1  -0.1  -0.1  -0.1  -0.1  -0.1  -0.1
                 +35 ms   -0.1  -0.1  -0.1  -0.1  -0.1  -0.1  -0.1  -0.1  -0.1  -0.1  -0.1  -0.1  -0.1  -0.1  -0.1  -0.1  -0.1  -0.1  -0.1  -0.1
                 +55 ms   -0.1  -0.1  -0.1  -0.1  -0.1  -0.1
              7   15.98    4.1     -4.11   -4.10   -0.0      0.0       0.3     0.3    1.0    1.3 2246.7    -4.10  -4.11
                 GR trace -25..+60 ms:
                 -25 ms    n/a   n/a   n/a   n/a   n/a   n/a  -0.0  -0.0  -0.0  -0.0  -0.0  -0.0  -0.0  -0.0  -0.0  -0.0   n/a   n/a  -0.0  -0.0
                  -5 ms   -0.0  -0.0  -0.0  -0.0  -0.0  -0.0  -0.0  -2.0  -3.1  -1.0  -3.2  -4.1  -3.0  -2.7  -3.1  -3.5  -3.3  -1.7  -1.6  -3.0
                 +15 ms   -3.0  -2.7  -2.2  -1.4  -1.2  -1.2  -1.2  -2.1  -2.5  -2.3  -2.2  -2.2  -1.4  -1.2  -1.2  -1.2  -1.2  -2.2  -2.4  -2.4
                 +35 ms   -2.4  -2.5  -1.7  -1.2  -1.2  -1.2  -1.2  -1.2  -1.2  -1.8  -2.0  -2.1  -2.2  -2.2  -1.4  -1.1  -1.1  -1.1  -1.1  -1.1
                 +55 ms   -1.1  -1.2  -2.2  -2.2  -2.4  -2.5
              8   18.26    4.1     -4.11   -4.10    0.0      0.0       0.3     0.7    1.3    1.3  761.0    -4.10  -4.10
                 GR trace -25..+60 ms:
                 -25 ms    n/a   n/a   n/a   n/a   n/a   n/a   0.0   0.0   0.0   0.0   0.0   0.0   0.0   0.0   0.0   0.0   n/a   n/a   0.0   0.0
                  -5 ms    0.0   0.0   0.0   0.0   0.0   0.0   0.0   0.0  -2.5  -2.7  -1.7  -3.6  -4.0  -2.5  -2.9  -3.2  -3.6  -3.0  -1.3  -2.5
                 +15 ms   -3.0  -2.9  -2.5  -2.0  -1.3  -1.2  -1.2  -1.2  -2.3  -2.4  -2.2  -2.2  -2.0  -1.2  -1.2  -1.2  -1.2  -1.3  -2.5  -2.4
                 +35 ms   -2.4  -2.5  -2.5  -1.4  -1.2  -1.2  -1.2  -1.2  -1.2  -1.2  -2.0  -2.1  -2.1  -2.2  -2.1  -1.2  -1.1  -1.1  -1.1  -1.1
                 +55 ms   -1.1  -1.1  -1.5  -2.2  -2.3  -2.4
              9   19.85    3.6     -3.62   -3.62   -0.0      0.0       0.3     0.7    1.3    1.3 2697.0    -3.62  -3.62
                 GR trace -25..+60 ms:
                 -25 ms   -0.0  -0.0  -0.0  -0.0  -0.0  -0.0  -0.0  -0.0  -0.0  -0.0  -0.0  -0.0  -0.0  -0.0  -0.0  -0.0  -0.0  -0.0  -0.0  -0.0
                  -5 ms   -0.0  -0.0  -0.0  -0.0  -0.0  -1.6  -2.5  -0.6  -2.5  -3.6  -2.7  -1.3  -2.6  -2.9  -3.0  -2.1  -1.0  -2.4  -2.7  -2.6
                 +15 ms   -2.1  -1.7  -1.1  -1.1  -1.1  -1.1  -1.7  -2.3  -2.1  -2.0  -2.0  -1.6  -1.1  -1.1  -1.1  -1.1  -1.2  -2.3  -2.3  -2.3
                 +35 ms   -2.4  -2.5  -1.6  -1.1  -1.1  -1.1  -1.1  -1.1  -1.1  -1.4  -2.0  -2.0  -2.1  -2.2  -2.0  -1.1  -1.0  -1.0  -1.0  -1.0
                 +55 ms   -1.0  -1.0  -1.0  -2.1  -2.2  -2.3
             10   23.26    4.1     -4.11   -4.10   -0.0      0.0       0.3     0.7    1.3    1.3  744.3    -4.10  -4.10
                 GR trace -25..+60 ms:
                 -25 ms    n/a   n/a   n/a   n/a   n/a   n/a  -0.0  -0.0  -0.0  -0.0  -0.0  -0.0  -0.0  -0.0  -0.0  -0.0   n/a   n/a  -0.0  -0.0
                  -5 ms   -0.0  -0.0  -0.0  -0.0  -0.0  -0.0  -0.0  -0.0  -2.5  -2.7  -1.7  -3.6  -4.0  -2.5  -2.9  -3.2  -3.6  -3.0  -1.3  -2.5
                 +15 ms   -3.0  -2.9  -2.5  -2.0  -1.3  -1.2  -1.2  -1.2  -2.3  -2.4  -2.2  -2.2  -2.0  -1.2  -1.2  -1.2  -1.2  -1.3  -2.5  -2.4
                 +35 ms   -2.4  -2.5  -2.5  -1.4  -1.2  -1.2  -1.2  -1.2  -1.2  -1.2  -2.0  -2.1  -2.1  -2.2  -2.1  -1.2  -1.1  -1.1  -1.1  -1.1
                 +55 ms   -1.1  -1.1  -1.5  -2.2  -2.3  -2.4
             11   25.53    4.1     -4.11   -4.10    0.0      0.0       0.3     0.7    1.3    1.3  761.3    -4.10  -4.10
                 GR trace -25..+60 ms:
                 -25 ms    n/a   n/a   n/a   n/a   n/a   n/a   0.0   0.0   0.0   0.0   0.0   0.0   0.0   0.0   0.0   0.0   n/a   n/a   0.0   0.0
                  -5 ms    0.0   0.0   0.0   0.0   0.0   0.0   0.0  -0.1  -2.9  -2.3  -2.3  -3.9  -3.8  -2.0  -3.0  -3.3  -3.5  -2.5  -1.1  -2.8
                 +15 ms   -2.9  -2.9  -2.4  -1.8  -1.2  -1.2  -1.2  -1.3  -2.5  -2.3  -2.2  -2.2  -1.8  -1.2  -1.2  -1.2  -1.2  -1.7  -2.4  -2.4
                 +35 ms   -2.4  -2.5  -2.3  -1.2  -1.2  -1.2  -1.2  -1.2  -1.2  -1.4  -2.0  -2.1  -2.2  -2.3  -1.9  -1.1  -1.1  -1.1  -1.1  -1.1
                 +55 ms   -1.1  -1.1  -1.8  -2.2  -2.3  -2.5
             12   30.08    4.1     -4.14   -4.14    0.0      0.0       0.3     0.7    1.0    1.3 1223.7    -4.14  -4.14
                 GR trace -25..+60 ms:
                 -25 ms    n/a   n/a   n/a   n/a  -0.1  -0.1  -0.1  -0.1  -0.1   n/a   n/a   n/a   n/a   n/a   n/a   n/a   n/a  -0.1   n/a  -0.0
                  -5 ms   -0.0  -0.0  -0.0  -0.0  -0.0  -2.2  -2.7  -2.7  -3.7  -3.4  -3.1  -3.8  -4.0  -2.3  -2.8  -3.0  -3.2  -2.9  -1.6  -1.2
                 +15 ms   -1.3  -2.3  -2.5  -2.4  -2.3  -1.4  -1.3  -1.3  -1.3  -2.4  -2.3  -2.4  -2.3  -1.4  -1.2  -1.2  -1.2  -1.2  -1.4  -1.8
                 +35 ms   -1.9  -2.1  -1.7  -1.2  -1.2  -1.2  -1.2  -1.2  -1.4  -2.1  -2.2  -2.4  -1.9  -1.1  -1.1  -1.1  -1.1  -1.1  -1.1  -1.7
                 +55 ms   -1.9  -2.1  -1.9  -1.1  -1.1  -1.1
             13   32.80    4.1     -4.11   -4.09    0.0      0.0       0.3     0.7    1.3    1.3  761.7    -4.09  -4.09
                 GR trace -25..+60 ms:
                 -25 ms    n/a   n/a   n/a   n/a   n/a   n/a   0.0   0.0   0.0   0.0   0.0   0.0   0.0   0.0   0.0   0.0   n/a   n/a   0.0   0.0
                  -5 ms    0.0   0.0   0.0   0.0   0.0   0.0   0.0  -1.4  -3.2  -1.5  -2.8  -4.0  -3.4  -2.0  -3.1  -3.5  -3.4  -2.0  -1.1  -2.9
                 +15 ms   -2.9  -2.8  -2.3  -1.6  -1.2  -1.2  -1.2  -1.8  -2.5  -2.3  -2.2  -2.2  -1.5  -1.2  -1.2  -1.2  -1.2  -2.1  -2.4  -2.4
                 +35 ms   -2.4  -2.5  -1.9  -1.2  -1.2  -1.2  -1.2  -1.2  -1.2  -1.7  -2.0  -2.1  -2.2  -2.3  -1.6  -1.1  -1.1  -1.1  -1.1  -1.1
                 +55 ms   -1.1  -1.1  -2.1  -2.2  -2.4  -2.5
             14   34.40    3.9     -3.95   -3.94   -0.0      0.0       0.7     0.3    1.0    1.3 9290.7    -3.94  -3.94
                 GR trace -25..+60 ms:
                 -25 ms   -0.0  -0.0  -0.0  -0.0  -0.0  -0.0  -0.0  -0.0  -0.0  -0.0  -0.0  -0.0  -0.0  -0.0  -0.0  -0.0  -0.0  -0.0  -0.0  -0.0
                  -5 ms   -0.0  -0.0  -0.0  -0.0  -0.2  -2.7  -2.1  -1.9  -3.7  -3.7  -2.1  -2.8  -2.9  -3.3  -2.9  -1.4  -1.4  -2.9  -2.9  -2.6
                 +15 ms   -2.1  -1.5  -1.2  -1.2  -1.2  -1.2  -2.4  -2.3  -2.2  -2.1  -2.1  -1.2  -1.2  -1.1  -1.1  -1.1  -2.1  -2.4  -2.4  -2.4
                 +35 ms   -2.5  -2.3  -1.2  -1.1  -1.1  -1.1  -1.1  -1.1  -1.1  -1.9  -2.1  -2.1  -2.2  -2.3  -1.5  -1.1  -1.1  -1.1  -1.1  -1.1
                 +55 ms   -1.1  -1.1  -1.6  -2.2  -2.3  -2.4
             15   43.71    4.1     -4.14   -4.14    0.0      0.0       0.3     0.7    1.3    1.3  608.0    -4.14  -4.14
                 GR trace -25..+60 ms:
                 -25 ms    n/a   n/a   n/a   n/a   0.0   0.0   0.0   0.0   0.0   n/a   n/a   n/a   n/a   n/a   n/a   n/a   n/a   0.0   n/a   0.0
                  -5 ms    0.0   0.0   0.0   0.0   0.0  -0.4  -2.9  -1.8  -3.5  -3.8  -2.7  -3.5  -4.1  -3.2  -1.3  -3.0  -3.2  -3.1  -2.1  -1.2
                 +15 ms   -1.3  -1.8  -2.6  -2.5  -2.3  -1.7  -1.3  -1.2  -1.2  -2.1  -2.3  -2.4  -2.4  -1.8  -1.2  -1.2  -1.2  -1.2  -1.2  -1.8
                 +35 ms   -1.9  -2.1  -2.0  -1.2  -1.2  -1.2  -1.2  -1.2  -1.2  -1.9  -2.1  -2.3  -2.3  -1.2  -1.1  -1.1  -1.1  -1.1  -1.1  -1.6
                 +55 ms   -1.8  -2.1  -2.1  -1.3  -1.1  -1.1
             16   47.35    4.1     -4.11   -4.10    0.0      0.0       0.7     0.3    1.0    1.3  760.7    -4.10  -4.10
                 GR trace -25..+60 ms:
                 -25 ms    n/a   n/a   n/a   n/a   n/a   n/a   0.0   0.0   0.0   0.0   0.0   0.0   0.0   0.0   0.0   0.0   n/a   n/a   0.0   0.0
                  -5 ms    0.0   0.0   0.0   0.0   0.0   0.0   0.0   0.0  -2.6  -2.6  -1.9  -3.7  -3.9  -2.4  -2.9  -3.2  -3.6  -2.9  -1.2  -2.7
                 +15 ms   -2.9  -2.9  -2.5  -2.0  -1.2  -1.2  -1.2  -1.2  -2.4  -2.4  -2.2  -2.2  -2.0  -1.2  -1.2  -1.2  -1.2  -1.4  -2.5  -2.4
                 +35 ms   -2.4  -2.5  -2.4  -1.3  -1.2  -1.2  -1.2  -1.2  -1.2  -1.2  -2.0  -2.1  -2.2  -2.2  -2.0  -1.2  -1.1  -1.1  -1.1  -1.1
                 +55 ms   -1.1  -1.1  -1.6  -2.2  -2.3  -2.4
             17   48.94    3.6     -3.62   -3.62   -0.0      0.0       0.3     0.3    1.0    1.3 2696.7    -3.62  -3.62
                 GR trace -25..+60 ms:
                 -25 ms   -0.0  -0.0  -0.0  -0.0  -0.0  -0.0  -0.0  -0.0  -0.0  -0.0  -0.0  -0.0  -0.0  -0.0  -0.0  -0.0  -0.0  -0.0  -0.0  -0.0
                  -5 ms   -0.0  -0.0  -0.0  -0.0  -0.0  -1.8  -2.4  -0.6  -2.8  -3.6  -2.5  -1.8  -2.6  -3.0  -2.9  -1.9  -1.0  -2.5  -2.6  -2.6
                 +15 ms   -2.1  -1.7  -1.1  -1.1  -1.1  -1.1  -1.9  -2.3  -2.1  -2.0  -2.0  -1.5  -1.1  -1.1  -1.1  -1.1  -1.4  -2.3  -2.3  -2.3
                 +35 ms   -2.4  -2.5  -1.4  -1.1  -1.1  -1.1  -1.1  -1.1  -1.1  -1.5  -2.0  -2.1  -2.1  -2.2  -1.9  -1.1  -1.0  -1.0  -1.0  -1.0
                 +55 ms   -1.0  -1.0  -1.1  -2.1  -2.2  -2.3
             18   52.35    4.1     -4.11   -4.10   -0.0      0.0       0.7     0.3    1.0    1.3  744.3    -4.10  -4.10
                 GR trace -25..+60 ms:
                 -25 ms    n/a   n/a   n/a   n/a   n/a   n/a  -0.0  -0.0  -0.0  -0.0  -0.0  -0.0  -0.0  -0.0  -0.0  -0.0   n/a   n/a  -0.0  -0.0
                  -5 ms   -0.0  -0.0  -0.0  -0.0  -0.0  -0.0  -0.0  -0.0  -2.6  -2.6  -1.9  -3.7  -3.9  -2.4  -2.9  -3.2  -3.6  -2.9  -1.2  -2.7
                 +15 ms   -2.9  -2.9  -2.5  -2.0  -1.2  -1.2  -1.2  -1.2  -2.4  -2.4  -2.2  -2.2  -2.0  -1.2  -1.2  -1.2  -1.2  -1.4  -2.5  -2.4
                 +35 ms   -2.4  -2.5  -2.4  -1.3  -1.2  -1.2  -1.2  -1.2  -1.2  -1.2  -2.0  -2.1  -2.2  -2.2  -2.0  -1.2  -1.1  -1.1  -1.1  -1.1
                 +55 ms   -1.1  -1.1  -1.6  -2.2  -2.3  -2.4
             19   54.62    4.1     -4.11   -4.10    0.0      0.0       0.3     0.7    1.3    1.3  760.7    -4.10  -4.10
                 GR trace -25..+60 ms:
                 -25 ms    n/a   n/a   n/a   n/a   n/a   n/a   0.0   0.0   0.0   0.0   0.0   0.0   0.0   0.0   0.0   0.0   n/a   n/a   0.0   0.0
                  -5 ms    0.0   0.0   0.0   0.0   0.0   0.0   0.0  -0.4  -3.0  -2.2  -2.4  -4.0  -3.7  -1.8  -3.0  -3.4  -3.5  -2.4  -1.1  -2.8
                 +15 ms   -2.9  -2.9  -2.3  -1.7  -1.2  -1.2  -1.2  -1.4  -2.5  -2.3  -2.2  -2.2  -1.7  -1.2  -1.2  -1.2  -1.2  -1.9  -2.4  -2.4
                 +35 ms   -2.4  -2.5  -2.2  -1.2  -1.2  -1.2  -1.2  -1.2  -1.2  -1.5  -2.0  -2.1  -2.2  -2.3  -1.8  -1.1  -1.1  -1.1  -1.1  -1.1
                 +55 ms   -1.1  -1.1  -1.9  -2.2  -2.3  -2.5
ROW case=bass_sustain tag=proL2 aligned=1 offset=0 outI=-7.11 inI=-5.79 tp=-0.03 overs=0 edgeOvers=0 meterTp=-0.03 meterOvers=0 grMean=-1.02 grStd=0.64 crestOut=4.5 hits=20 retMed=-4.11 t63med=1.3 t90med=760.7 lrStd=0.00

==== limiter_ab_guard analyse: GREEN (0 problem(s)) ====
limiter_ab_guard analyse docs/limiter_ab/renders/styles/allround  gain +8.2 dB  ceiling +0.0 dB

#### case probe_transients: source docs/limiter_ab/renders/styles/allround/source_probe_transients.wav (float32, 48000 Hz, 2 ch, 36.70 s)

== case probe_transients   tag proL2       48000 Hz  1761600 frames  offset +0 samples (0.00 ms)  corr 1.000 1.000
  gain +8.2 dB  ceiling +0.0 dB
  loudness   in+gain  I -1.95 LUFS  Mmax 9.5  Smax 4.9   |  out  I -4.89 LUFS  Mmax 2.4  Smax -1.7   |  S std 3.29 -> 1.30 LU
  peaks      sample -0.04 dBFS  TRUE PEAK (arbiter, exact) -0.04 dBTP  overs above ceiling+0.02 dB: 0  [96-tap meter: -0.04 dBTP, 0 overs at +0.05]
  dynamics   GR mean -0.74 dB  max -8.07  std 1.75  p2p 8.07  |  crest in 4.7 -> out 4.1 dB  |  L-R GR std 0.00 dB
  hits       14 detected  (layout: 14)
              #    t(s)   over   retained   GRmin   base   pre(ms)   hold(ms)    t10    t50    t63    t90 (ms)   dipL   dipR
              0    1.10    8.2     -8.24   -6.85   -0.0      0.3       0.0     0.3    0.3    0.3    0.3    -6.85  -6.85
                 GR trace -25..+60 ms:
                 -25 ms   -0.0  -0.0  -0.0  -0.0  -0.0  -0.0  -0.0  -0.0  -0.0  -0.0  -0.0  -0.0  -0.0  -0.0  -0.0  -0.0  -0.0  -0.0  -0.0  -0.0
                  -5 ms   -0.0  -0.0  -0.0  -0.0  -0.7  -3.2  -0.2  -0.2  -0.1  -0.1  -0.1  -0.1  -0.1  -0.1  -0.1  -0.1  -0.0  -0.0  -0.0  -0.0
                 +15 ms   -0.0  -0.0  -0.0  -0.0  -0.0  -0.0  -0.0  -0.0  -0.0  -0.0  -0.0  -0.0  -0.0  -0.0  -0.0  -0.0  -0.0  -0.0  -0.0  -0.0
                 +35 ms   -0.0  -0.0  -0.0  -0.0  -0.0  -0.0  -0.0  -0.0  -0.0  -0.0  -0.0  -0.0  -0.0  -0.0  -0.0  -0.0  -0.0  -0.0  -0.0  -0.0
                 +55 ms   -0.0  -0.0  -0.0  -0.0  -0.0  -0.0
              1    3.60    8.2     -8.35   -7.93   -0.0      0.3       0.0     0.3    0.7    0.7    0.7    -7.93  -7.93
                 GR trace -25..+60 ms:
                 -25 ms   -0.0  -0.0  -0.0  -0.0  -0.0  -0.0  -0.0  -0.0  -0.0  -0.0  -0.0  -0.0  -0.0  -0.0  -0.0  -0.0  -0.0  -0.0  -0.0  -0.0
                  -5 ms   -0.0  -0.0  -0.0  -0.0  -0.1  -6.8  -0.4  -0.4  -0.3  -0.3  -0.3  -0.2  -0.2  -0.2  -0.2  -0.2  -0.2  -0.1  -0.1  -0.1
                 +15 ms   -0.1  -0.1  -0.1  -0.1  -0.1  -0.1  -0.1  -0.1  -0.1  -0.1  -0.0  -0.0  -0.0  -0.0  -0.0  -0.0  -0.0  -0.0  -0.0  -0.0
                 +35 ms   -0.0  -0.0  -0.0  -0.0  -0.0  -0.0  -0.0  -0.0  -0.0  -0.0  -0.0  -0.0  -0.0  -0.0  -0.0  -0.0  -0.0  -0.0  -0.0  -0.0
                 +55 ms   -0.0  -0.0  -0.0  -0.0  -0.0  -0.0
              2    6.10    8.2     -8.24   -7.54   -0.0      0.0       0.0     0.3    1.7    1.7   10.3    -7.54  -7.54
                 GR trace -25..+60 ms:
                 -25 ms   -0.0  -0.0  -0.0  -0.0  -0.0  -0.0  -0.0  -0.0  -0.0  -0.0  -0.0  -0.0  -0.0  -0.0  -0.0  -0.0  -0.0  -0.0  -0.0  -0.0
                  -5 ms   -0.0  -0.0  -0.0  -0.0  -0.0  -6.5  -6.5  -0.8  -0.9  -0.9  -0.9  -0.9  -0.9  -0.8  -0.8  -0.8  -0.7  -0.7  -0.7  -0.6
                 +15 ms   -0.6  -0.6  -0.6  -0.5  -0.5  -0.5  -0.5  -0.4  -0.4  -0.4  -0.4  -0.4  -0.4  -0.3  -0.3  -0.3  -0.3  -0.3  -0.3  -0.3
                 +35 ms   -0.3  -0.2  -0.2  -0.2  -0.2  -0.2  -0.2  -0.2  -0.2  -0.2  -0.2  -0.2  -0.2  -0.2  -0.2  -0.1  -0.1  -0.1  -0.1  -0.1
                 +55 ms   -0.1  -0.1  -0.1  -0.1  -0.1  -0.1
              3    8.60    8.2     -8.24   -7.54   -0.0      0.0       0.0     0.3    9.7    9.7  111.0    -7.54  -7.54
                 GR trace -25..+60 ms:
                 -25 ms   -0.0  -0.0  -0.0  -0.0  -0.0  -0.0  -0.0  -0.0  -0.0  -0.0  -0.0  -0.0  -0.0  -0.0  -0.0  -0.0  -0.0  -0.0  -0.0  -0.0
                  -5 ms   -0.0  -0.0  -0.0  -0.0  -0.0  -6.5  -6.9  -6.9  -6.9  -6.9  -6.9  -6.9  -6.9  -6.9  -6.6  -1.9  -1.9  -2.0  -2.0  -2.0
                 +15 ms   -2.0  -2.0  -2.0  -2.0  -2.0  -2.0  -2.0  -2.0  -2.0  -2.0  -2.0  -2.0  -2.0  -1.9  -1.9  -1.9  -1.9  -1.9  -1.9  -1.8
                 +35 ms   -1.8  -1.8  -1.8  -1.8  -1.7  -1.7  -1.7  -1.7  -1.7  -1.6  -1.6  -1.6  -1.6  -1.6  -1.6  -1.5  -1.5  -1.5  -1.5  -1.5
                 +55 ms   -1.5  -1.4  -1.4  -1.4  -1.4  -1.4
              4   11.10    8.2     -8.24   -7.54   -0.0      0.0       0.0     0.3   49.7  159.3  422.3    -7.54  -7.54
                 GR trace -25..+60 ms:
                 -25 ms   -0.0  -0.0  -0.0  -0.0  -0.0  -0.0  -0.0  -0.0  -0.0  -0.0  -0.0  -0.0  -0.0  -0.0  -0.0  -0.0  -0.0  -0.0  -0.0  -0.0
                  -5 ms   -0.0  -0.0  -0.0  -0.0  -0.0  -6.5  -6.9  -6.9  -6.9  -6.9  -6.9  -6.9  -6.9  -6.9  -6.9  -6.9  -6.9  -6.9  -6.9  -6.9
                 +15 ms   -6.9  -6.9  -6.9  -6.9  -6.9  -6.9  -6.9  -6.9  -6.9  -6.9  -6.9  -6.9  -6.9  -6.9  -6.9  -6.9  -6.9  -6.9  -6.9  -6.9
                 +35 ms   -6.9  -6.9  -6.9  -6.9  -6.9  -6.9  -6.9  -6.9  -6.9  -6.9  -6.9  -6.9  -6.9  -6.9  -6.6  -3.3  -3.3  -3.3  -3.3  -3.3
                 +55 ms   -3.3  -3.3  -3.3  -3.3  -3.3  -3.3
              5   13.60    8.2     -8.24   -7.54   -0.0      0.0       0.0     0.3  474.0  548.3  783.7    -7.54  -7.54
                 GR trace -25..+60 ms:
                 -25 ms   -0.0  -0.0  -0.0  -0.0  -0.0  -0.0  -0.0  -0.0  -0.0  -0.0  -0.0  -0.0  -0.0  -0.0  -0.0  -0.0  -0.0  -0.0  -0.0  -0.0
                  -5 ms   -0.0  -0.0  -0.0  -0.0  -0.0  -6.5  -6.9  -6.9  -6.9  -6.9  -6.9  -6.9  -6.9  -6.9  -6.9  -6.9  -6.9  -6.9  -6.9  -6.9
                 +15 ms   -6.9  -6.9  -6.9  -6.9  -6.9  -6.9  -6.9  -6.9  -6.9  -6.9  -6.9  -6.9  -6.9  -6.9  -6.9  -6.9  -6.9  -6.9  -6.9  -6.9
                 +35 ms   -6.9  -6.9  -6.9  -6.9  -6.9  -6.9  -6.9  -6.9  -6.9  -6.9  -6.9  -6.9  -6.9  -6.9  -6.9  -6.9  -6.9  -6.9  -6.9  -6.9
                 +55 ms   -6.9  -6.9  -6.9  -6.9  -6.9  -6.9
              6   16.10    8.2     -8.24   -7.54   -0.0      0.0       0.0     0.3 1364.3 1420.3 1645.0    -7.54  -7.54
                 GR trace -25..+60 ms:
                 -25 ms   -0.0  -0.0  -0.0  -0.0  -0.0  -0.0  -0.0  -0.0  -0.0  -0.0  -0.0  -0.0  -0.0  -0.0  -0.0  -0.0  -0.0  -0.0  -0.0  -0.0
                  -5 ms   -0.0  -0.0  -0.0  -0.0  -0.0  -6.5  -6.9  -6.9  -6.9  -6.9  -6.9  -6.9  -6.9  -6.9  -6.9  -6.9  -6.9  -6.9  -6.9  -6.9
                 +15 ms   -6.9  -6.9  -6.9  -6.9  -6.9  -6.9  -6.9  -6.9  -6.9  -6.9  -6.9  -6.9  -6.9  -6.9  -6.9  -6.9  -6.9  -6.9  -6.9  -6.9
                 +35 ms   -6.9  -6.9  -6.9  -6.9  -6.9  -6.9  -6.9  -6.9  -6.9  -6.9  -6.9  -6.9  -6.9  -6.9  -6.9  -6.9  -6.9  -6.9  -6.9  -6.9
                 +55 ms   -6.9  -6.9  -6.9  -6.9  -6.9  -6.9
              7   18.60    4.0     -4.04   -3.18   -0.1      0.3       0.0     0.3    0.3    0.3    0.3    -3.18  -3.18
                 GR trace -25..+60 ms:
                 -25 ms   -0.1  -0.1  -0.1  -0.1  -0.1  -0.1  -0.1  -0.1  -0.1  -0.1  -0.1  -0.1  -0.1  -0.1  -0.1  -0.1  -0.1  -0.1  -0.1  -0.1
                  -5 ms   -0.1  -0.1  -0.1  -0.1  -0.5  -1.3  -0.2  -0.1  -0.1  -0.1  -0.1  -0.1  -0.1  -0.1  -0.1  -0.1  -0.1  -0.1  -0.1  -0.1
                 +15 ms   -0.1  -0.1  -0.1  -0.1  -0.1  -0.1  -0.1  -0.1  -0.1  -0.1  -0.1  -0.1  -0.1  -0.1  -0.1  -0.1  -0.1  -0.1  -0.1  -0.1
                 +35 ms   -0.1  -0.1  -0.1  -0.1  -0.1  -0.1  -0.1  -0.1  -0.1  -0.1  -0.1  -0.1  -0.1  -0.1  -0.1  -0.1  -0.1  -0.1  -0.1  -0.1
                 +55 ms   -0.1  -0.1  -0.1  -0.1  -0.0  -0.0
              8   21.10    4.0     -4.20   -3.80   -0.0      0.0       0.0     0.3    0.7    0.7    0.7    -3.80  -3.80
                 GR trace -25..+60 ms:
                 -25 ms   -0.0  -0.0  -0.0  -0.0  -0.0  -0.0  -0.0  -0.0  -0.0  -0.0  -0.0  -0.0  -0.0  -0.0  -0.0  -0.0  -0.0  -0.0  -0.0  -0.0
                  -5 ms   -0.0  -0.0  -0.0  -0.0  -0.0  -3.1  -0.2  -0.2  -0.2  -0.2  -0.1  -0.1  -0.1  -0.1  -0.1  -0.1  -0.1  -0.1  -0.1  -0.0
                 +15 ms   -0.0  -0.0  -0.0  -0.0  -0.0  -0.0  -0.0  -0.0  -0.0  -0.0  -0.0  -0.0  -0.0  -0.0  -0.0  -0.0  -0.0  -0.0  -0.0  -0.0
                 +35 ms   -0.0  -0.0  -0.0  -0.0  -0.0  -0.0  -0.0  -0.0  -0.0  -0.0  -0.0  -0.0  -0.0  -0.0  -0.0  -0.0  -0.0  -0.0  -0.0  -0.0
                 +55 ms   -0.0  -0.0  -0.0  -0.0  -0.0  -0.0
              9   23.60    4.0     -4.04   -3.52   -0.0      0.0       0.0     0.3    1.3    1.3    3.3    -3.52  -3.52
                 GR trace -25..+60 ms:
                 -25 ms   -0.0  -0.0  -0.0  -0.0  -0.0  -0.0  -0.0  -0.0  -0.0  -0.0  -0.0  -0.0  -0.0  -0.0  -0.0  -0.0  -0.0  -0.0  -0.0  -0.0
                  -5 ms   -0.0  -0.0  -0.0  -0.0  -0.0  -2.4  -2.6  -0.4  -0.4  -0.3  -0.3  -0.3  -0.2  -0.2  -0.2  -0.2  -0.2  -0.2  -0.1  -0.1
                 +15 ms   -0.1  -0.1  -0.1  -0.1  -0.1  -0.1  -0.1  -0.1  -0.1  -0.1  -0.1  -0.1  -0.0  -0.0  -0.0  -0.0  -0.0  -0.0  -0.0  -0.0
                 +35 ms   -0.0  -0.0  -0.0  -0.0  -0.0  -0.0  -0.0  -0.0  -0.0  -0.0  -0.0  -0.0  -0.0  -0.0  -0.0  -0.0  -0.0  -0.0  -0.0  -0.0
                 +55 ms   -0.0  -0.0  -0.0  -0.0  -0.0  -0.0
             10   26.10    4.0     -4.04   -3.61   -0.0      0.0       0.0     0.3    5.3    5.3   54.7    -3.61  -3.61
                 GR trace -25..+60 ms:
                 -25 ms   -0.0  -0.0  -0.0  -0.0  -0.0  -0.0  -0.0  -0.0  -0.0  -0.0  -0.0  -0.0  -0.0  -0.0  -0.0  -0.0  -0.0  -0.0  -0.0  -0.0
                  -5 ms   -0.0  -0.0  -0.0  -0.0  -0.0  -2.4  -2.9  -2.9  -3.0  -3.0  -3.0  -3.1  -3.1  -3.1  -2.9  -1.1  -1.1  -1.1  -1.1  -1.1
                 +15 ms   -1.0  -1.0  -1.0  -1.0  -1.0  -0.9  -0.9  -0.9  -0.9  -0.8  -0.8  -0.8  -0.8  -0.8  -0.7  -0.7  -0.7  -0.7  -0.7  -0.7
                 +35 ms   -0.6  -0.6  -0.6  -0.6  -0.6  -0.6  -0.6  -0.5  -0.5  -0.5  -0.5  -0.5  -0.5  -0.5  -0.5  -0.4  -0.4  -0.4  -0.4  -0.4
                 +55 ms   -0.4  -0.4  -0.4  -0.4  -0.4  -0.4
             11   28.60    4.0     -4.04   -3.67   -0.0      0.0       0.0     0.3   39.3   97.0  302.7    -3.67  -3.67
                 GR trace -25..+60 ms:
                 -25 ms   -0.0  -0.0  -0.0  -0.0  -0.0  -0.0  -0.0  -0.0  -0.0  -0.0  -0.0  -0.0  -0.0  -0.0  -0.0  -0.0  -0.0  -0.0  -0.0  -0.0
                  -5 ms   -0.0  -0.0  -0.0  -0.0  -0.0  -2.4  -2.9  -2.9  -3.0  -3.0  -3.0  -3.1  -3.1  -3.1  -3.1  -3.1  -3.1  -3.2  -3.2  -3.2
                 +15 ms   -3.2  -3.2  -3.2  -3.2  -3.2  -3.2  -3.2  -3.2  -3.2  -3.2  -3.2  -3.2  -3.2  -3.3  -3.3  -3.3  -3.3  -3.3  -3.3  -3.3
                 +35 ms   -3.3  -3.3  -3.3  -3.3  -3.3  -3.3  -3.3  -3.3  -3.3  -3.3  -3.3  -3.3  -3.3  -3.3  -3.1  -1.7  -1.7  -1.7  -1.7  -1.7
                 +55 ms   -1.7  -1.7  -1.7  -1.7  -1.7  -1.7
             12   31.10    4.0     -4.04   -3.67   -0.0      0.0       0.0     0.3  352.0  438.0  724.3    -3.67  -3.67
                 GR trace -25..+60 ms:
                 -25 ms   -0.0  -0.0  -0.0  -0.0  -0.0  -0.0  -0.0  -0.0  -0.0  -0.0  -0.0  -0.0  -0.0  -0.0  -0.0  -0.0  -0.0  -0.0  -0.0  -0.0
                  -5 ms   -0.0  -0.0  -0.0  -0.0  -0.0  -2.4  -2.9  -2.9  -3.0  -3.0  -3.0  -3.1  -3.1  -3.1  -3.1  -3.1  -3.1  -3.2  -3.2  -3.2
                 +15 ms   -3.2  -3.2  -3.2  -3.2  -3.2  -3.2  -3.2  -3.2  -3.2  -3.2  -3.2  -3.2  -3.2  -3.3  -3.3  -3.3  -3.3  -3.3  -3.3  -3.3
                 +35 ms   -3.3  -3.3  -3.3  -3.3  -3.3  -3.3  -3.3  -3.3  -3.3  -3.3  -3.3  -3.3  -3.3  -3.3  -3.3  -3.3  -3.3  -3.3  -3.3  -3.3
                 +55 ms   -3.3  -3.3  -3.3  -3.3  -3.3  -3.3
             13   33.60    4.0     -4.04   -3.67   -0.0      0.0       0.0     0.3 1256.3 1325.3 1624.3    -3.67  -3.67
                 GR trace -25..+60 ms:
                 -25 ms   -0.0  -0.0  -0.0  -0.0  -0.0  -0.0  -0.0  -0.0  -0.0  -0.0  -0.0  -0.0  -0.0  -0.0  -0.0  -0.0  -0.0  -0.0  -0.0  -0.0
                  -5 ms   -0.0  -0.0  -0.0  -0.0  -0.0  -2.4  -2.9  -2.9  -3.0  -3.0  -3.0  -3.1  -3.1  -3.1  -3.1  -3.1  -3.1  -3.2  -3.2  -3.2
                 +15 ms   -3.2  -3.2  -3.2  -3.2  -3.2  -3.2  -3.2  -3.2  -3.2  -3.2  -3.2  -3.2  -3.2  -3.3  -3.3  -3.3  -3.3  -3.3  -3.3  -3.3
                 +35 ms   -3.3  -3.3  -3.3  -3.3  -3.3  -3.3  -3.3  -3.3  -3.3  -3.3  -3.3  -3.3  -3.3  -3.3  -3.3  -3.3  -3.3  -3.3  -3.3  -3.3
                 +55 ms   -3.3  -3.3  -3.3  -3.3  -3.3  -3.3
ROW case=probe_transients tag=proL2 aligned=1 offset=0 outI=-4.89 inI=-1.95 tp=-0.04 overs=0 edgeOvers=0 meterTp=-0.04 meterOvers=0 grMean=-0.74 grStd=1.75 crestOut=4.1 hits=14 retMed=-6.22 t63med=7.5 t90med=82.8 lrStd=0.00

==== limiter_ab_guard analyse: GREEN (0 problem(s)) ====
limiter_ab_guard analyse docs/limiter_ab/renders/styles/allround  gain +8.2 dB  ceiling +0.0 dB

#### case tone_50: source docs/limiter_ab/renders/styles/allround/source_tone_50.wav (float32, 48000 Hz, 2 ch, 25.20 s)

== case tone_50            tag proL2       48000 Hz  1209600 frames  offset +0 samples (0.00 ms)  corr 1.000 1.000
  gain +8.2 dB  ceiling +0.0 dB
  loudness   in+gain  I 0.20 LUFS  Mmax 3.5  Smax 3.5   |  out  I -4.21 LUFS  Mmax -3.4  Smax -3.7   |  S std 2.82 -> 0.46 LU
  peaks      sample -0.04 dBFS  TRUE PEAK (arbiter, exact) -0.03 dBTP  overs above ceiling+0.02 dB: 0  [96-tap meter: -0.04 dBTP, 0 overs at +0.05]
  dynamics   GR mean -3.28 dB  max -7.37  std 2.74  p2p 7.37  |  crest in 3.4 -> out 2.8 dB  |  L-R GR std 0.00 dB
  tone       seg  file dB   out RMS   GR steady   fund    THD     THD+N   h2     h3     h4     h5   | imd 1k   2k   18k   21k
              0    -8.2      -3.0     -0.01       3.0   -63.6   -60.8 -118.0  -69.0 -126.0  -69.5  |    n/a    n/a    n/a    n/a
              1    -5.2      -2.3     -2.05       3.7   -24.2   -24.1 -117.9  -25.3 -126.2  -30.8  |    n/a    n/a    n/a    n/a
              2    -2.2      -2.1     -4.74       3.9   -21.4   -21.4 -117.8  -22.1 -126.4  -30.1  |    n/a    n/a    n/a    n/a
              3    +0.0      -2.2     -7.05       3.8   -22.3   -22.2 -117.8  -23.1 -126.3  -30.1  |    n/a    n/a    n/a    n/a
              4    -2.2      -2.1     -4.74       3.9   -21.4   -21.4 -117.8  -22.1 -126.4  -30.1  |    n/a    n/a    n/a    n/a
              5    -8.2      -3.0     -0.01       3.0   -65.0   -62.0 -118.0  -70.5 -126.0  -70.9  |    n/a    n/a    n/a    n/a
  steps      t(s)   GR from -> to     t10    t50    t90 (ms)
               4.6    -0.01 ->  -2.05      2.0    3.0    3.0
               8.6    -2.05 ->  -4.74    -26.0    3.0    3.0
              12.6    -4.74 ->  -7.05    -27.0  -26.0    3.0
              16.6    -7.05 ->  -4.74    -30.0  248.0  547.0
              20.6    -4.74 ->  -0.01    -30.0  295.0  624.0
ROW case=tone_50 tag=proL2 aligned=1 offset=0 outI=-4.21 inI=0.20 tp=-0.03 overs=0 edgeOvers=0 meterTp=-0.04 meterOvers=0 grMean=-3.28 grStd=2.74 crestOut=2.8 hits=0 retMed=  n/a t63med=  n/a t90med=  n/a lrStd=0.00 thdMax=-22.3 thdnMax=-22.2

==== limiter_ab_guard analyse: GREEN (0 problem(s)) ====
limiter_ab_guard analyse docs/limiter_ab/renders/styles/allround  gain +8.2 dB  ceiling +0.0 dB

#### case tone_997: source docs/limiter_ab/renders/styles/allround/source_tone_997.wav (float32, 48000 Hz, 2 ch, 25.20 s)

== case tone_997           tag proL2       48000 Hz  1209600 frames  offset +0 samples (0.00 ms)  corr 1.000 1.000
  gain +8.2 dB  ceiling +0.0 dB
  loudness   in+gain  I 4.84 LUFS  Mmax 8.2  Smax 8.2   |  out  I -0.17 LUFS  Mmax 0.2  Smax 0.1   |  S std 2.82 -> 0.24 LU
  peaks      sample -0.04 dBFS  TRUE PEAK (arbiter, exact) 0.00 dBTP  overs above ceiling+0.02 dB: 0  [96-tap meter: -0.01 dBTP, 0 overs at +0.05]
  dynamics   GR mean -3.84 dB  max -8.20  std 3.11  p2p 8.20  |  crest in 3.4 -> out 3.3 dB  |  L-R GR std 0.00 dB
  tone       seg  file dB   out RMS   GR steady   fund    THD     THD+N   h2     h3     h4     h5   | imd 1k   2k   18k   21k
              0    -8.2      -3.0     -0.03       3.0   -68.5   -67.8 -146.2  -68.6 -156.7  -86.1  |    n/a    n/a    n/a    n/a
              1    -5.2      -2.9     -2.91       3.1   -36.1   -36.1 -145.7  -36.1 -157.0  -61.1  |    n/a    n/a    n/a    n/a
              2    -2.2      -3.0     -5.95       3.1   -39.7   -39.7 -145.7  -39.7 -156.8  -82.8  |    n/a    n/a    n/a    n/a
              3    +0.0      -3.0     -8.20       3.0   -49.5   -49.5 -146.1  -49.6 -156.1  -72.0  |    n/a    n/a    n/a    n/a
              4    -2.2      -3.0     -5.95       3.1   -39.7   -39.7 -145.7  -39.7 -156.2  -83.9  |    n/a    n/a    n/a    n/a
              5    -8.2      -3.0     -0.03       3.0   -70.1   -69.1 -144.5  -70.2 -153.4  -87.6  |    n/a    n/a    n/a    n/a
  steps      t(s)   GR from -> to     t10    t50    t90 (ms)
               4.6    -0.03 ->  -2.91      0.0    0.0    0.0
               8.6    -2.91 ->  -5.95      0.0    0.0    0.0
              12.6    -5.95 ->  -8.20      0.0    0.0   66.0
              16.6    -8.20 ->  -5.95    163.0  489.0  978.0
              20.6    -5.95 ->  -0.03    146.0  348.0  651.0
ROW case=tone_997 tag=proL2 aligned=1 offset=0 outI=-0.17 inI=4.84 tp=0.00 overs=0 edgeOvers=0 meterTp=-0.01 meterOvers=0 grMean=-3.84 grStd=3.11 crestOut=3.3 hits=0 retMed=  n/a t63med=  n/a t90med=  n/a lrStd=0.00 thdMax=-49.5 thdnMax=-49.5

==== limiter_ab_guard analyse: GREEN (0 problem(s)) ====
